34
49
24
20
18
49
88
30
36
25
75
75
24
56
61
121
89
50
53
53
53
53
30
50
50
49
49
54
54
62
62
55
120
71
145
55
95
170
69
78
39
81
96
30
112
143
99
78
46
62
79
61
61
101
23
173
50
82
82
89
43
85
127
185
66
77
38
143
76
66
93
45
76
66
86
86
76
127
127
111
111
62
62
152
152
152
152
10
77
99
69
147
103
122
122
46
30
51
81
81
127
107
107
107
107
84
84
42
139
71
121
109
62
112
162
82
121
99
178
146
90
69
105
91
80
156
44
301
106
120
91
298
273
148
165
100
464
121
170
81
79
140
284
194
20
246
205
166
71
48
74
78
73
92
93
569
347
85
135
141
76
18
60
110
64
84
76
246
248
138
129
70
47
125
48
191
34
209
150
144
130
80
69
61
11
173
133
134
42
208
74
77
105
149
61
75
88
51
159
121
117
117
123
58
176
61
30
325
141
76
74
174
177
174
31
108
90
92
117
610
57
47
135
133
136
105
239
237
40
49
55
69
184
60
107
61
57
60
8
47
20
87
141
129
75
133
41
49
114
35
64
44
364
185
21
49
55
200
81
298
34
60
152
189
152
189
139
139
540
114
114
209
142
46
46
75
59
229
404
404
274
92
92
191
176
57
57
338
338
150
121
121
135
135
135
135
97
81
81
49
51
148
148
56
124
124
141
137
141
137
91
91
34
34
34
104
70
191
191
246
246
224
224
370
370
194
79
227
195
196
195
196
189
189
316
141
141
140
140
88
115
533
533
115
115
190
190
134
133
205
47
75
178
133
120
91
170
156
157
29
177
177
125
125
148
148
237
225
237
225
187
187
229
229
540
22
22
156
156
156
156
81
305
305
120
120
23
23
101
101
228
256
228
256
55
55
299
299
24
24
165
165
71
66
66
265
277
275
89
162
162
156
156
156
156
142
119
142
119
186
186
189
189
205
205
97
97
227
59
180
180
222
159
216
214
122
122
288
288
210
210
81
174
174
265
265
110
110
134
134
152
152
94
94
80
149
60
273
128
128
123
105
122
105
122
55
55
91
91
149
149
159
216
214
222
87
87
63
63
156
156
82
82
197
197
234
234
92
92
126
126
41
41
127
127
100
100
199
195
153
107
107
48
124
124
200
154
154
76
76
91
91
122
122
137
137
61
61
266
266
266
121
121
137
137
53
53
59
136
61
36
36
53
53
63
63
57
57
165
165
121
125
121
125
37
37
76
76
124
124
142
142
121
121
59
59
91
44
43
43
43
43
166
109
162
119
119
41
117
117
76
76
61
61
109
109
25
25
49
49
154
154
158
158
69
91
130
83
83
37
37
113
113
193
193
96
96
47
47
41
41
51
51
94
94
46
46
85
85
90
90
119
119
47
47
119
119
89
81
71
71
58
58
69
69
62
62
610
58
58
24
24
198
198
125
125
138
24
24
163
163
132
132
94
94
128
64
64
29
29
36
36
48
48
107
107
39
39
89
81
61
61
60
61
46
37
107
107
136
148
148
133
133
443
443
43
43
112
112
113
148
66
66
98
98
69
39
102
56
276
276
71
110
60
60
67
67
38
39
29
36
42
42
42
42
218
37
37
81
81
470
470
462
449
315
315
571
571
56
109
140
58
64
35
141
109
43
141
141
141
682
602
445
292
140
511
28
28
231
236
414
467
466
461
197
190
487
141
434
431
501
431
501
431
501
268
141
268
141
430
479
389
34
389
374
514
539
358
435
447
54
109
64
109
443
135
109
135
235
135
243
135
223
135
135
410
459
459
136
132
419
461
379
445
463
451
499
276
136
276
136
371
442
367
450
162
463
497
474
474
107
494
512
86
136
55
44
118
210
383
439
411
522
515
530
505
451
546
529
445
390
439
498
491
416
465
503
447
453
402
447
40
260
479
686
585
511
501
136
256
136
316
136
41
460
387
460
135
135
375
452
742
629
602
606
618
604
441
415
461
390
445
136
570
426
437
69
107
262
459
406
256
136
478
469
485
206
196
445
387
448
479
304
180
134
138
136
136
136
136
136
406
374
451
445
462
477
378
141
455
449
386
437
443
455
433
433
433
433
433
437
35
35
35
35
438
463
435
470
256
34
389
34
370
443
427
468
378
439
398
445
134
346
451
52
40
486
485
109
135
136
64
435
30
30
135
135
135
135
135
714
324
136
434
447
276
136
114
114
114
114
114
114
114
114
114
114
114
114
114
114
114
114
114
114
114
114
114
114
114
114
114
114
114
114
114
114
114
114
114
114
114
114
114
112
112
112
112
112
440
136
324
136
272
136
455
434
455
138
423
466
427
448
395
448
495
498
391
450
375
462
375
460
375
456
452
452
55
109
268
136
276
136
595
514
639
559
476
419
470
459
470
427
466
475
391
450
492
448
399
447
486
448
355
438
411
464
292
136
695
602
107
136
136
423
450
439
474
449
431
460
475
315
451
58
109
367
419
456
383
440
136
455
456
136
136
109
331
523
496
379
442
481
272
136
264
136
136
136
236
136
268
136
268
136
252
136
136
268
136
240
136
256
136
224
136
260
136
136
288
136
252
136
256
136
248
136
136
256
136
136
252
136
136
252
136
256
136
248
136
136
244
136
136
260
136
268
136
272
136
252
136
136
136
276
136
136
136
264
136
260
136
280
136
136
136
136
136
260
136
136
268
136
136
264
136
260
136
136
260
136
252
136
276
136
240
136
232
136
252
136
228
136
244
136
248
136
268
136
248
136
136
260
136
136
244
136
260
136
136
236
136
136
264
136
256
136
256
136
244
136
260
136
136
276
136
136
252
136
284
136
272
136
276
136
264
136
304
136
264
136
284
136
256
136
272
136
256
287
436
378
441
354
448
438
475
366
534
517
137
137
137
137
137
137
137
137
137
135
135
135
137
137
137
137
137
137
137
455
445
734
613
430
482
438
479
430
478
438
475
139
139
139
139
139
139
139
139
139
139
139
139
139
139
139
139
139
137
137
137
137
137
137
137
137
137
137
137
137
137
137
137
137
137
137
137
137
137
137
137
137
137
137
137
137
137
137
137
137
137
137
137
137
137
137
137
137
137
135
135
135
135
139
139
139
139
137
137
137
137
135
458
494
490
490
466
135
339
443
491
68
109
378
439
514
485
135
275
135
486
434
457
406
455
442
466
471
453
287
135
371
445
398
446
491
495
402
459
434
477
418
447
239
135
367
370
442
330
438
338
438
457
359
446
391
464
135
530
410
330
441
453
472
512
374
471
462
441
272
374
455
367
438
367
444
444
449
422
449
437
379
403
478
379
448
474
135
135
135
135
135
135
135
135
135
135
135
462
493
514
566
503
298
447
442
477
415
438
362
451
494
508
450
430
463
465
714
609
227
135
390
453
267
135
415
464
390
447
398
445
443
310
441
251
135
472
135
334
439
447
374
455
584
562
543
453
350
267
135
495
495
495
495
495
493
491
487
487
487
440
362
448
501
135
439
240
138
244
136
232
136
406
450
735
455
395
466
374
445
390
435
382
447
418
450
530
507
448
453
370
447
434
447
358
448
447
259
135
362
445
335
335
381
330
86
445
330
444
438
502
486
542
491
443
362
453
450
465
442
453
402
460
466
474
454
466
422
454
442
354
452
445
315
187
370
451
406
461
346
447
475
315
137
283
135
358
451
135
331
135
450
485
354
448
135
135
135
279
135
323
135
135
135
135
135
366
439
374
459
390
445
430
475
370
441
667
271
667
667
255
137
295
137
271
135
263
135
454
451
243
235
135
135
610
563
570
563
403
474
370
328
370
328
350
497
399
458
354
483
510
513
510
354
465
212
118
200
118
118
118
135
118
248
118
236
118
236
118
308
118
240
118
465
499
496
338
338
118
284
118
212
118
437
340
326
479
366
497
418
489
244
118
216
118
350
398
453
69
135
243
378
459
135
135
135
306
107
306
107
306
107
314
107
310
107
306
107
322
107
318
107
306
107
322
107
322
107
306
107
326
107
314
107
310
107
302
107
306
107
302
107
310
107
306
107
310
107
326
107
326
107
318
107
314
107
314
107
302
107
298
107
330
107
318
107
278
107
294
107
318
107
306
107
322
107
511
512
426
107
135
107
107
107
107
228
118
370
258
302
346
358
276
118
107
472
107
135
107
107
107
107
107
107
107
470
472
464
468
472
107
464
107
107
107
107
107
107
59
106
250
306
108
107
107
307
449
107
135
107
107
107
107
107
135
135
107
135
107
135
107
107
137
107
107
107
107
107
107
107
107
107
135
107
137
135
107
107
107
107
107
107
107
107
107
107
107
107
107
135
467
266
246
107
107
107
107
107
107
107
107
107
107
107
107
107
107
107
107
107
107
107
107
107
107
107
107
107
107
107
107
107
107
118
107
107
107
107
107
107
222
262
310
286
334
286
342
354
366
306
290
310
283
274
107
334
254
107
107
107
107
107
107
107
107
107
107
107
107
107
107
107
107
107
107
107
107
107
107
107
107
107
107
107
107
107
107
107
107
107
107
107
107
107
107
107
107
107
107
107
107
107
107
107
107
107
107
107
107
107
107
107
107
107
107
107
107
107
107
107
107
107
107
107
107
107
107
107
107
107
107
107
107
107
107
107
107
107
107
107
107
107
107
107
107
107
107
135
107
107
107
107
135
107
107
107
135
107
107
107
107
107
107
107
107
107
176
107
107
107
107
107
107
483
446
106
459
426
336
18
18
18
18
141
141
141
141
141
141
141
37
37
21
21
37
37
21
21
140
563
602
401
141
252
141
248
390
406
471
438
143
145
143
461
454
461
116
35
44
141
252
469
469
469
469
497
50
50
418
455
455
269
41
41
41
378
378
109
55
58
58
109
109
145
145
109
68
519
519
109
54
109
56
64
72
483
418
107
141
304
155
155
598
467
397
397
427
427
427
427
471
136
276
276
135
473
466
473
466
135
463
37
37
37
37
447
402
91
91
91
91
42
72
72
72
72
457
426
383
656
135
423
741
295
473
398
398
471
394
471
394
394
394
32
32
32
32
37
37
37
37
24
24
24
24
24
24
24
24
56
56
56
56
40
40
30
30
106
106
69
69
54
54
30
30
54
54
30
30
28
28
103
103
78
78
91
91
91
91
91
91
91
91
104
104
104
104
58
58
58
58
91
91
91
91
58
58
58
58
75
75
75
75
91
91
91
91
28
28
28
28
98
276
275
89
89
88
88
107
107
107
286
56
56
173
198
52
17
83
67
157
140
36
77
21
67
61
142
141
72
205
22
17
123
160
123
160
38
38
63
71
66
42
33
26
39
47
47
28
51
47
33
46
48
43
31
34
21
49
17
17
33
27
34
30
20
39
39
32
46
188
34
26
30
20
20
86
8
21
48
34
160
45
66
30
14
16
31
48
30
40
30
34
34
34
34
36
32
38
105
17
16
28
48
48
10
16
37
25
25
49
51
49
49
22
42
21
22
21
20
27
32
30
25
41
20
28
33
17
21
68
33
33
32
69
34
81
26
25
30
30
47
137
23
25
27
16
16
16
25
25
29
18
24
49
34
52
48
13
155
114
245
38
39
39
27
31
52
93
34
31
26
141
47
42
53
25
23
19
21
14
66
66
28
44
26
28
33
22
22
49
49
14
23
30
26
50
33
15
19
79
65
23
23
52
42
32
46
24
21
22
58
16
10
35
40
27
189
15
46
67
23
36
37
43
12
40
48
31
42
54
24
22
59
22
63
22
29
41
22
48
23
52
36
35
36
76
16
19
73
43
32
55
23
26
75
62
20
28
28
32
31
28
33
32
34
32
37
26
23
29
22
21
16
20
39
29
43
43
43
91
16
34
61
120
48
34
49
63
30
51
81
82
72
75
57
79
76
67
38
75
84
102
76
73
67
58
43
46
118
38
96
127
127
46
76
56
45
59
62
24
16
86
137
41
77
109
34
100
30
100
30
87
87
28
24
16
71
70
70
72
72
24
24
51
37
37
21
21
29
91
91
70
70
132
132
50
29
29
29
29
29
29
29
38
29
29
29
29
30
31
28
28
29
29
29
29
29
29
29
29
29
29
29
29
29
30
158
168
31
36
37
38
31
29
29
29
29
29
29
29
29
29
29
29
29
29
29
29
29
33
29
29
29
29
29
29
29
29
29
29
29
29
29
29
37
34
32
29
29
29
29
37
30
29
28
28
29
29
30
28
29
29
30
31
29
29
29
29
29
29
29
29
33
31
34
29
29
29
29
29
29
29
29
29
29
29
34
29
29
29
29
29
29
116
30
32
30
26
26
26
26
26
26
26
26
29
29
29
27
27
26
26
34
26
26
26
26
28
29
32
29
29
26
26
26
26
26
26
26
26
26
26
26
26
27
27
26
26
26
26
26
26
26
26
26
26
26
26
26
26
29
29
29
29
26
26
26
26
26
26
26
26
30
29
29
29
30
29
29
31
29
29
29
29
29
29
29
29
29
29
26
26
26
26
26
26
27
27
29
26
26
29
26
26
39
26
26
29
29
29
26
26
29
26
26
26
26
30
27
27
26
26
28
29
26
26
30
27
27
26
26
31
28
28
30
27
27
26
26
26
26
31
28
28
29
26
26
29
26
26
26
26
26
26
25
25
26
26
26
26
26
26
26
26
30
27
27
26
26
27
27
27
27
26
26
27
27
26
26
26
26
26
26
30
30
26
26
26
26
29
26
26
29
26
26
29
26
26
29
26
26
29
26
26
26
26
27
27
28
28
26
26
26
26
26
26
26
26
26
26
26
26
26
26
29
26
26
29
26
26
29
26
26
29
26
26
26
26
26
26
26
26
26
26
26
26
26
26
26
26
26
26
26
26
32
32
26
26
26
26
28
28
26
26
26
26
26
26
26
26
26
26
29
26
26
29
26
26
29
26
26
29
26
26
28
25
25
30
27
27
29
26
26
26
26
26
26
26
26
25
25
25
25
26
26
26
26
26
26
26
26
26
26
26
26
26
26
26
26
26
26
26
26
26
26
25
25
26
26
26
26
26
26
29
29
26
26
29
26
26
28
29
26
26
26
26
29
26
26
28
25
25
29
26
26
29
26
26
29
29
26
26
29
26
26
34
31
31
29
26
26
29
26
26
29
26
26
28
28
158
168
39
29
26
26
29
26
26
29
26
26
29
26
26
29
26
26
29
26
26
29
26
26
28
25
25
29
26
26
45
45
45
45
45
45
45
45
45
45
45
45
45
45
45
45
48
45
48
46
46
45
45
44
45
45
45
50
45
44
45
45
45
45
45
45
45
45
44
45
45
45
45
45
45
45
45
45
45
45
45
45
45
45
45
45
45
45
45
45
45
46
46
48
49
49
45
45
45
45
45
45
45
45
45
45
45
45
45
45
45
45
45
45
45
48
45
45
45
26
26
26
26
26
26
29
26
26
16
27
27
29
26
26
26
26
29
26
26
26
26
29
29
26
26
29
26
26
29
26
26
30
27
27
29
26
26
29
26
26
29
26
26
59
62
29
26
26
57
29
26
26
29
26
26
29
26
26
29
26
26
29
26
26
30
27
27
30
27
27
30
27
27
30
27
27
29
26
26
29
26
26
31
31
34
29
26
26
29
26
26
32
29
29
29
29
26
26
26
26
29
26
26
29
26
26
26
26
26
26
29
26
26
26
26
26
26
26
29
26
26
29
29
27
27
29
29
26
26
26
26
29
28
26
26
29
26
26
29
26
26
29
26
26
26
26
29
26
26
26
26
29
26
26
29
26
26
29
30
51
27
29
50
50
50
50
29
50
50
29
29
50
50
55
55
26
55
55
26
26
55
55
63
55
58
58
58
55
55
26
30
59
59
26
55
55
55
55
26
26
54
54
27
56
56
55
55
26
27
56
56
26
55
55
51
51
26
26
55
26
51
51
26
26
51
51
26
26
26
26
26
26
51
51
27
26
51
51
26
22
29
26
26
112
26
55
96
35
27
42
67
24
27
27
99
35
50
42
55
49
184
40
47
86
76
49
42
184
47
40
86
76
49
42
38
56
82
58
38
56
82
58
59
59
67
67
112
67
19
19
74
82
82
44
56
56
56
56
79
69
56
74
51
134
46
51
170
183
183
91
74
74
94
95
95
57
91
39
42
156
156
57
77
77
91
91
33
33
26
28
62
71
71
57
33
33
33
28
46
26
15
12
50
96
36
42
42
91
120
44
43
43
43
60
37
37
37
37
46
115
79
83
105
57
34
55
27
44
96
37
37
19
51
45
67
68
68
67
67
47
99
34
44
34
34
42
17
17
37
17
40
40
58
58
50
133
133
35
35
42
51
96
65
68
96
65
68
23
23
23
62
56
98
44
63
39
117
73
52
52
53
50
40
32
20
77
79
59
56
168
38
34
46
81
69
79
47
96
52
35
42
15
33
71
31
68
32
52
43
44
44
44
43
43
51
47
68
68
43
43
70
98
207
144
144
85
85
50
50
50
50
79
79
117
76
76
33
86
76
91
86
91
86
51
86
86
53
53
53
53
53
53
66
67
67
30
30
42
28
28
21
19
21
21
68
67
78
78
29
29
38
38
32
32
46
46
52
52
106
77
40
56
61
30
22
22
44
52
49
48
144
25
22
69
61
22
22
22
22
40
47
72
41
56
34
27
38
38
85
66
30
45
68
78
27
69
38
20
12
48
34
40
18
33
57
180
44
32
32
31
28
27
29
28
27
29
81
47
49
29
50
29
50
22
21
27
19
25
19
37
38
225
55
21
39
39
63
53
149
71
19
68
23
12
59
47
44
44
219
219
219
45
61
45
61
173
173
42
41
42
41
26
26
26
26
219
56
89
89
95
95
85
85
24
103
47
47
71
71
50
50
30
30
148
99
99
31
119
19
11
59
121
121
48
48
20
20
96
96
31
31
121
121
155
164
39
39
155
158
39
39
12
20
53
63
36
36
41
41
51
51
73
73
24
24
24
32
32
69
69
69
46
46
96
35
35
28
28
193
193
122
122
198
94
94
22
22
81
54
54
96
81
86
106
106
70
70
57
48
48
106
56
56
68
68
44
44
82
82
106
43
43
43
65
65
49
49
33
33
16
42
159
86
24
36
37
36
31
31
31
47
47
46
31
56
163
82
74
52
64
37
107
31
68
69
45
50
56
102
44
36
22
49
38
48
60
27
71
106
111
78
72
72
45
66
43
214
12
61
60
83
82
27
81
22
36
37
36
31
68
68
60
60
18
18
18
18
87
87
46
45
45
45
70
70
37
35
39
39
46
81
27
112
112
163
46
47
47
46
37
51
44
88
44
44
88
83
83
48
48
147
147
27
27
276
276
205
205
46
289
309
65
65
46
64
48
48
63
63
142
142
105
105
37
71
71
68
68
47
47
53
53
158
158
42
42
77
77
149
149
97
97
52
52
64
64
211
211
104
104
92
92
40
40
109
109
44
44
56
56
54
65
54
65
44
44
17
17
23
23
34
34
90
90
106
106
65
65
45
45
52
52
56
61
67
67
73
73
32
32
34
34
161
161
64
64
39
39
31
31
31
31
82
41
41
51
51
44
44
103
103
156
156
60
60
45
45
57
57
41
41
131
131
87
87
40
40
18
18
103
76
71
63
63
34
28
103
26
25
26
24
25
51
49
59
59
65
194
93
17
20
69
29
139
139
256
11
11
24
53
32
32
66
28
32
66
40
118
25
31
52
66
40
118
77
99
68
64
32
106
89
95
46
68
61
50
77
99
109
108
42
41
129
78
82
93
47
98
69
59
45
34
68
58
41
33
25
20
69
69
209
98
98
402
86
25
33
148
435
106
120
206
206
187
143
92
137
195
160
113
68
92
98
97
98
97
97
97
97
97
97
98
98
98
98
98
97
97
11
69
39
73
31
36
39
52
50
67
66
72
57
13
28
19
57
16
48
34
38
46
45
113
21
58
42
41
23
47
29
61
27
20
79
21
21
42
56
26
50
42
22
16
36
20
20
20
51
58
35
28
29
23
31
60
34
50
98
18
25
55
58
21
45
90
107
55
30
37
25
35
55
80
87
33
26
30
22
22
39
64
43
14
35
35
58
59
33
42
40
80
58
75
65
58
36
33
64
70
84
39
37
32
47
43
26
34
45
48
27
35
50
67
83
68
41
44
44
75
44
44
44
44
44
44
44
44
104
67
37
94
59
92
94
28
40
50
66
81
102
202
150
41
34
19
88
61
42
153
92
22
13
26
26
11
39
30
30
30
10
21
24
25
57
57
58
37
18
42
35
94
54
92
93
15
228
32
119
69
30
77
63
58
48
14
16
14
14
107
32
37
6
46
57
31
52
87
93
55
151
67
51
49
18
40
145
30
186
161
198
199
21
21
32
25
15
33
43
53
39
43
23
15
76
23
30
31
47
33
47
49
36
46
16
34
39
52
13
24
21
25
36
21
44
45
20
19
40
34
23
51
30
63
30
43
44
23
56
32
39
39
39
39
75
68
62
28
29
37
42
31
54
64
43
35
52
30
46
57
37
31
27
8
46
15
37
50
27
49
31
350
30
33
37
58
36
27
25
24
85
26
27
69
35
38
40
40
40
37
20
61
51
40
46
29
63
44
104
92
104
33
28
28
53
29
29
50
119
23
31
56
172
167
65
41
32
18
37
28
22
63
14
58
17
21
25
17
21
25
71
40
26
36
107
82
88
42
22
69
31
34
39
26
26
33
146
101
23
30
93
20
32
34
76
63
60
42
36
53
17
52
72
52
31
19
10
54
49
109
30
38
30
38
30
38
30
38
30
38
30
38
42
31
21
35
10
26
30
37
58
22
27
31
34
30
38
107
66
66
65
67
68
71
70
65
65
69
66
66
69
69
69
65
66
69
70
67
65
70
70
70
69
66
17
89
24
19
121
15
68
20
37
51
64
10
53
54
54
76
35
32
57
100
72
123
37
174
20
150
17
92
15
27
106
28
92
26
19
36
16
42
34
8
32
16
16
16
16
16
16
16
16
16
16
24
16
16
16
16
94
23
28
74
12
20
47
186
75
47
19
26
25
27
16
16
51
75
36
48
32
25
41
36
73
61
111
65
28
70
62
39
12
60
45
27
113
23
35
12
51
87
30
22
19
40
33
98
96
56
19
37
33
38
11
24
54
37
63
16
35
28
35
16
79
26
21
46
21
19
24
29
35
27
22
83
18
61
34
22
22
17
89
90
78
19
29
33
39
61
35
54
26
31
21
14
121
121
121
121
31
51
54
35
34
42
30
30
59
35
204
29
32
44
61
24
90
93
81
77
43
35
35
93
54
86
47
29
24
30
103
38
45
27
42
54
30
50
58
126
29
70
39
79
34
9
40
49
37
47
147
15
41
41
43
43
29
41
27
27
34
27
67
38
17
32
55
53
15
33
22
24
28
27
35
37
100
39
42
16
33
66
48
44
54
43
70
39
34
34
77
40
42
25
30
30
43
43
33
41
79
51
76
43
26
46
46
16
38
35
35
40
45
46
40
40
40
37
39
41
40
36
36
38
37
58
41
38
37
44
38
33
31
31
23
29
26
13
40
49
49
50
50
25
43
50
43
19
30
31
40
22
22
56
28
22
21
30
29
82
74
32
63
63
28
20
20
20
20
20
20
20
97
79
81
81
81
81
27
32
36
30
38
39
38
39
40
42
42
62
29
23
35
40
32
37
30
29
38
63
30
25
26
42
28
29
56
51
54
28
27
33
27
28
28
28
30
29
30
59
73
88
42
30
33
31
34
44
25
35
47
36
25
32
22
35
59
79
62
133
29
23
54
63
65
177
24
29
40
47
38
143
37
35
37
94
67
35
21
111
65
34
44
39
107
107
107
107
107
107
188
216
46
45
18
33
42
26
76
63
40
62
58
42
18
25
14
19
62
57
51
42
34
11
27
21
87
27
28
27
27
27
27
27
27
20
33
48
38
65
51
137
51
55
48
49
76
54
63
35
43
45
48
121
41
71
95
52
27
37
45
33
46
51
55
51
67
53
42
63
39
90
76
40
37
31
51
39
53
38
55
39
35
43
33
23
33
31
50
66
35
50
84
38
59
40
36
22
48
122
42
46
42
20
53
60
60
88
54
24
35
28
43
95
36
41
66
44
51
40
45
51
48
41
43
46
42
37
48
46
44
45
39
47
50
93
37
45
39
33
86
39
38
37
19
19
63
63
35
23
65
65
42
50
50
29
34
28
50
54
57
57
54
50
19
33
33
123
129
163
256
349
367
238
78
69
66
58
58
74
72
90
71
62
66
99
79
97
130
130
33
12
46
40
82
54
136
37
31
92
92
47
27
27
41
23
38
10
47
9
10
9
47
9
10
9
47
9
10
9
47
9
10
9
10
9
47
9
10
9
47
9
10
9
47
9
10
9
47
9
10
9
47
9
10
9
47
9
10
9
47
9
10
9
47
9
47
9
10
9
47
9
10
9
47
9
10
9
47
9
10
9
47
9
10
9
47
9
10
9
47
9
10
9
47
9
10
9
11
10
47
10
11
10
47
10
11
10
47
10
11
10
47
10
11
10
47
10
11
10
47
10
11
10
47
10
11
10
47
10
11
10
47
10
11
10
47
10
11
10
47
10
11
10
47
10
10
47
10
10
47
10
47
47
11
47
11
47
11
47
11
47
11
47
11
47
47
11
11
47
47
11
11
47
47
11
11
11
47
11
47
11
47
11
47
11
47
11
47
47
11
47
11
47
11
47
11
47
11
47
11
47
11
47
11
47
11
47
11
26
26
97
97
34
33
33
33
34
30
33
34
30
16
33
34
47
11
47
11
47
11
47
11
47
10
47
11
10
47
47
10
47
11
10
47
47
10
47
11
11
35
47
26
221
43
67
89
39
30
30
32
34
32
34
33
141
150
35
40
48
46
42
58
18
18
31
100
135
64
11
10
35
89
59
19
65
58
92
69
42
91
47
62
143
31
75
53
83
43
85
71
66
45
41
40
118
83
59
14
70
59
15
10
74
53
23
52
39
29
59
57
11
11
47
11
11
47
47
11
11
47
47
11
47
11
47
11
11
47
47
11
11
47
47
11
47
52
30
108
11
47
11
11
47
47
11
11
47
47
11
47
47
11
11
47
47
11
11
47
47
11
47
33
30
52
30
28
33
52
47
47
10
47
47
33
11
47
11
52
56
52
33
30
34
33
33
33
29
52
52
33
33
34
30
34
33
33
33
34
30
30
30
34
30
30
30
34
30
30
30
34
30
34
30
30
34
30
30
29
29
11
10
30
10
34
30
11
10
47
10
11
10
47
10
11
10
47
10
11
10
47
10
11
10
47
10
11
10
47
10
11
10
47
10
11
10
47
10
11
47
11
47
11
47
11
47
11
47
11
47
11
47
11
47
11
47
11
47
11
47
11
47
11
47
11
11
52
47
52
11
48
47
48
11
52
47
52
11
48
47
48
11
52
47
52
11
48
47
48
10
10
42
10
42
10
42
10
42
65
65
65
65
65
65
65
74
35
142
58
29
50
54
54
27
26
77
35
104
106
106
106
65
99
99
101
143
66
66
48
53
172
135
156
40
235
63
156
45
32
21
76
15
32
80
85
43
99
62
135
79
151
216
96
58
62
62
83
71
32
27
31
54
40
67
42
39
51
59
83
130
20
40
41
26
126
24
114
114
114
114
282
72
72
33
33
35
35
78
78
39
39
41
41
147
214
37
34
98
122
84
84
65
34
22
22
45
14
30
24
25
50
55
56
57
57
20
104
104
104
24
53
110
11
28
28
29
29
29
29
23
29
29
28
29
31
31
29
29
29
28
29
25
29
21
36
28
31
26
25
28
29
29
29
28
28
31
30
29
30
18
29
32
35
23
29
48
64
28
29
25
44
26
211
21
21
25
16
29
37
29
17
29
29
24
18
24
27
28
24
24
11
14
25
18
18
24
19
18
19
22
26
26
18
18
23
31
131
25
40
27
19
27
25
36
43
53
54
30
51
53
32
58
30
73
34
42
33
56
32
23
53
25
24
25
24
27
26
25
35
28
26
23
32
24
26
23
24
22
34
27
30
27
31
25
26
28
27
26
17
29
29
17
17
22
21
22
22
22
22
22
22
22
23
22
22
30
22
92
25
25
27
62
54
62
106
100
430
475
37
21
18
23
71
84
59
33
66
57
46
66
34
37
51
44
57
27
37
57
74
21
21
41
25
29
21
21
37
21
25
21
29
21
49
46
49
46
49
18
41
44
63
61
93
38
43
41
83
30
24
30
28
68
36
41
37
35
234
38
38
21
36
45
63
82
33
23
91
61
82
33
33
64
36
37
37
51
51
60
60
38
38
63
31
37
37
31
31
38
38
63
31
67
27
31
31
38
38
32
32
32
32
46
75
55
55
26
26
33
33
58
61
34
34
48
77
57
57
28
35
35
60
28
33
33
59
55
34
72
48
60
60
60
28
32
32
42
20
22
91
91
18
18
24
24
59
59
18
18
24
24
105
105
18
18
24
24
42
42
50
50
43
43
29
36
45
61
68
21
41
37
28
28
39
61
42
39
36
63
35
82
234
59
58
60
72
67
60
64
63
63
36
28
31
31
28
55
82
27
33
23
61
28
91
20
22
34
61
48
29
45
25
70
32
32
58
60
51
68
39
43
395
78
401
48
80
158
59
249
25
49
58
51
60
68
39
395
43
401
48
78
80
158
249
59
49
25
57
26
57
26
52
60
43
63
38
36
41
50
38
47
38
52
52
41
46
46
48
48
74
53
42
40
36
42
46
54
68
47
47
46
41
41
42
49
43
47
40
48
90
61
53
46
37
43
43
38
52
38
37
36
29
55
93
44
35
42
39
44
63
46
45
45
44
45
45
45
48
45
44
66
51
39
38
35
54
41
58
38
49
38
44
45
50
45
64
43
52
42
43
35
130
23
42
107
36
36
26
53
35
70
55
26
37
49
63
40
56
56
43
67
33
45
41
39
34
43
20
37
41
43
66
46
49
48
44
35
28
74
49
45
46
50
42
46
68
45
48
42
50
42
44
44
44
40
63
79
54
44
46
46
55
43
35
35
49
40
40
50
89
49
46
47
41
52
36
42
45
50
42
46
41
51
62
43
66
66
31
39
48
48
35
76
53
39
40
31
46
39
44
51
45
45
46
36
208
49
38
38
40
40
44
46
47
43
43
75
48
48
52
48
35
46
46
38
45
107
51
49
47
30
29
26
50
12
26
27
56
59
43
43
49
57
66
48
39
76
98
50
31
61
44
43
23
16
37
54
48
48
63
82
45
44
200
34
17
55
21
21
168
94
57
40
18
81
46
83
25
56
37
29
88
37
20
52
49
45
49
26
23
22
34
29
38
24
32
82
24
24
44
23
33
24
26
46
93
79
41
39
44
11
232
32
88
94
61
28
86
86
25
53
21
24
63
29
31
19
60
60
62
61
60
60
60
60
55
59
61
12
12
50
53
55
10
134
33
57
76
46
53
24
24
12
38
30
75
16
44
13
14
14
43
34
48
16
23
23
64
37
37
37
27
32
73
67
45
51
31
40
17
46
39
69
61
81
51
50
22
72
40
32
20
25
23
36
73
501
75
503
75
503
75
503
75
503
25
31
17
18
20
23
43
47
48
58
27
23
21
58
69
56
21
21
20
23
39
38
30
51
43
43
54
104
23
46
52
48
70
26
23
26
50
36
50
63
23
18
20
35
40
22
158
25
56
76
53
57
30
30
99
68
87
23
161
161
126
126
60
59
46
105
35
62
112
69
70
124
278
10
58
26
31
31
50
100
173
169
51
42
83
33
86
68
88
19
49
67
70
75
93
73
35
58
53
46
30
73
76
51
55
48
67
24
24
84
37
69
32
57
103
162
49
16
30
29
45
33
36
29
94
281
220
260
220
256
38
46
68
77
31
87
45
45
46
99
48
48
48
84
41
25
46
271
226
271
44
28
24
24
24
281
112
107
107
107
217
230
267
222
332
332
332
327
332
327
427
327
436
332
332
332
431
332
332
222
327
427
222
427
327
222
637
436
332
222
222
325
222
264
325
222
222
269
222
267
222
267
230
49
230
49
49
49
49
49
49
49
49
49
49
49
325
325
325
325
222
222
222
222
222
222
222
222
222
222
325
222
222
325
325
222
222
325
325
222
222
222
222
222
222
222
222
222
222
325
325
222
222
222
222
222
222
222
222
325
332
222
222
332
222
332
222
222
431
325
325
365
345
222
325
222
222
325
222
332
222
327
325
264
222
222
222
325
254
427
337
325
427
222
325
325
427
222
222
222
222
222
222
222
222
222
222
222
222
427
325
325
222
325
222
222
222
222
325
531
330
637
269
222
325
325
222
222
222
222
327
325
325
222
224
222
222
222
222
222
222
222
222
222
222
222
332
222
325
325
222
222
222
222
222
222
222
222
222
222
222
222
433
434
222
222
222
222
222
49
222
49
75
79
78
189
268
240
240
240
234
224
222
222
222
271
224
234
226
216
216
222
241
228
226
301
240
480
222
87
254
111
91
254
285
304
282
501
356
282
49
304
222
65
224
224
56
480
49
304
356
390
222
480
572
101
31
33
51
93
31
46
46
57
33
33
58
58
35
35
72
72
72
72
70
27
20
17
30
27
81
27
166
32
40
27
49
30
60
248
71
45
48
48
50
36
55
32
44
38
35
31
151
39
85
29
40
60
19
33
24
87
38
41
55
20
22
47
75
76
39
52
45
135
44
21
18
16
49
27
269
32
31
54
54
57
43
41
27
460
44
137
60
19
19
20
19
21
20
19
18
19
18
22
22
40
41
45
35
35
39
37
77
60
70
23
49
81
24
34
34
15
60
52
20
48
40
59
38
32
46
47
49
47
46
69
222
38
39
68
28
30
29
29
44
47
80
55
69
27
42
35
47
42
60
33
70
55
36
132
39
39
16
57
57
45
37
24
48
23
55
29
39
61
34
24
24
12
57
76
41
13
49
49
85
26
35
14
18
55
20
81
81
30
30
35
37
53
71
71
18
18
75
79
18
40
32
44
44
44
49
49
81
47
40
31
50
27
60
52
74
40
24
24
44
63
38
132
21
60
76
65
108
69
57
59
143
39
35
31
31
32
67
69
49
56
56
59
68
28
21
46
20
93
34
32
18
18
95
77
163
119
119
82
82
80
80
68
61
41
18
98
100
42
14
83
16
178
9
10
9
10
9
14
11
10
26
57
106
61
61
61
61
29
65
75
34
59
20
56
54
64
63
30
20
105
33
23
22
39
115
23
27
63
28
42
28
68
44
44
44
44
49
49
49
49
41
235
235
48
28
24
90
89
86
276
77
58
76
86
39
146
146
27
27
35
35
35
35
29
29
85
34
26
30
134
134
53
134
134
54
134
54
134
53
54
54
53
54
54
243
245
80
71
62
247
244
246
245
244
246
245
126
62
62
62
92
53
47
65
331
49
67
67
67
55
55
134
134
128
71
32
64
35
190
43
44
42
10
33
129
72
72
120
127
44
61
41
27
57
37
63
27
46
33
26
23
35
36
28
50
50
50
103
40
33
193
65
52
41
89
65
283
147
283
283
113
109
29
94
188
147
147
52
52
43
34
59
59
40
14
20
180
59
58
71
50
50
50
50
67
55
58
60
33
31
29
29
46
28
34
64
45
41
45
30
30
66
49
45
45
60
29
60
39
69
71
73
82
76
28
28
26
88
69
90
95
29
34
93
43
39
43
39
55
54
73
46
30
12
33
27
38
30
31
33
40
28
27
27
33
78
24
132
19
121
41
64
71
52
86
71
78
66
32
48
123
112
124
72
69
26
26
39
101
100
95
98
96
86
92
154
85
257
50
38
28
41
41
31
49
18
42
50
89
25
44
58
29
61
42
44
202
202
202
202
202
202
202
202
202
202
202
202
202
202
202
202
202
202
202
202
202
202
85
39
53
28
25
18
42
35
45
45
29
30
33
41
29
31
29
19
36
36
45
45
63
57
100
27
38
46
40
71
23
26
72
72
35
32
119
119
58
24
59
85
85
36
36
58
37
39
43
26
56
33
34
31
71
53
39
25
41
107
47
99
14
70
50
48
50
51
40
53
76
42
76
53
55
52
23
25
22
88
26
43
51
27
29
67
40
46
25
31
29
29
33
32
31
26
50
50
31
27
68
60
57
13
21
48
47
35
93
100
26
45
30
83
28
50
43
21
38
37
33
22
22
68
71
71
71
71
71
71
71
71
64
30
84
37
59
34
77
63
32
32
33
20
29
166
22
85
39
36
19
81
75
64
30
91
92
61
97
218
101
14
80
36
76
64
33
73
83
69
92
44
109
38
35
33
69
38
24
60
17
67
43
59
42
65
44
22
62
62
26
61
32
59
41
21
59
62
70
66
73
76
52
68
70
45
45
57
45
126
70
62
62
63
119
28
53
51
56
56
56
55
59
99
52
48
122
45
45
44
44
42
106
39
118
54
146
48
48
38
64
34
60
44
59
31
56
34
68
85
105
70
70
78
78
31
31
42
58
35
24
22
53
52
74
59
45
31
90
54
31
59
36
61
39
85
36
46
59
83
83
35
35
117
35
87
106
55
104
88
52
50
52
87
45
69
63
57
65
22
20
20
84
85
43
12
21
69
70
40
41
126
125
73
72
19
54
50
37
50
37
35
35
46
63
52
37
37
64
20
32
41
24
46
52
74
74
74
60
59
53
38
30
32
32
35
47
26
44
35
57
74
27
27
27
34
48
44
90
37
37
59
28
69
68
146
93
63
46
35
94
35
65
35
33
63
78
68
63
57
55
74
53
34
21
21
77
93
72
72
35
53
48
66
28
59
35
63
57
74
31
53
28
33
32
50
93
72
64
64
88
125
75
30
125
73
53
52
66
131
120
84
50
92
125
114
76
37
29
21
72
29
75
69
42
73
66
46
63
43
44
37
52
35
61
57
31
102
62
64
76
68
61
53
30
63
65
84
122
96
75
83
66
51
80
68
60
37
22
72
48
28
42
61
58
35
102
76
29
51
72
68
41
65
57
34
54
70
101
68
99
91
64
66
58
35
66
58
35
66
66
65
57
34
66
58
35
67
59
36
34
26
45
56
42
33
67
20
42
26
26
73
34
26
43
21
95
68
76
51
76
51
75
36
28
29
51
67
21
43
41
65
43
90
116
73
84
49
37
78
43
31
20
38
61
69
36
36
71
63
40
67
59
36
74
35
27
61
53
30
58
55
61
61
67
54
53
53
62
54
31
108
82
35
57
85
80
83
78
82
55
35
82
55
35
84
61
75
42
28
108
76
69
84
67
23
23
52
28
67
36
75
72
33
25
42
35
69
124
124
120
120
32
72
33
55
84
57
37
34
89
50
42
29
62
54
31
131
131
64
56
33
29
43
48
38
42
39
40
51
39
63
55
32
27
33
27
35
68
65
32
89
52
78
56
115
141
55
61
61
33
72
72
72
31
31
31
31
31
31
28
77
102
74
73
63
125
73
53
64
28
98
66
58
45
31
31
31
31
67
62
103
104
39
45
94
32
61
52
29
55
39
62
32
61
76
68
45
43
62
55
40
72
55
35
94
86
76
41
37
60
68
35
24
56
37
36
34
34
26
34
32
31
58
89
81
37
60
68
37
62
54
31
75
31
34
87
87
75
27
59
22
31
54
62
23
55
32
30
53
61
29
61
23
55
38
37
60
68
31
54
62
33
33
43
31
97
26
58
113
81
119
87
75
106
74
107
108
76
30
28
58
35
144
116
32
64
42
30
27
91
28
42
20
67
93
69
61
44
95
48
76
96
70
23
45
34
65
27
34
147
32
58
35
58
66
43
24
68
94
104
126
53
53
56
27
21
53
27
59
129
125
149
137
30
112
100
29
61
92
20
52
22
20
110
98
27
59
34
26
56
40
84
47
50
80
75
77
81
74
75
79
77
71
33
46
34
36
59
67
36
45
61
70
38
109
121
44
37
69
29
55
73
108
76
105
34
66
29
39
59
99
91
97
26
58
82
31
23
131
39
27
108
33
55
74
71
71
109
138
115
21
53
51
37
29
44
36
54
46
70
25
110
43
21
68
94
56
97
100
105
105
86
86
54
54
122
65
29
30
62
23
23
46
61
164
31
58
53
59
76
91
20
52
57
25
96
28
134
64
32
44
100
29
61
39
82
165
153
114
110
98
27
59
34
81
46
23
57
41
46
35
40
37
23
18
21
92
52
53
63
61
59
56
62
53
51
53
50
56
57
58
53
63
61
59
56
62
53
51
53
50
56
57
58
56
56
56
91
70
55
32
48
34
105
66
62
73
24
56
78
150
111
76
75
90
55
93
22
54
92
21
53
96
97
26
58
61
150
71
80
53
59
67
36
106
35
58
54
31
63
72
106
35
58
95
24
56
27
39
74
56
58
45
116
77
31
31
47
25
72
98
102
80
127
153
58
36
83
109
47
25
72
98
403
381
428
454
37
42
68
28
107
119
89
105
29
87
29
25
59
91
106
56
100
112
92
66
58
35
30
66
58
81
160
57
76
104
63
62
94
66
98
27
59
30
87
55
67
120
114
49
63
42
105
95
63
98
66
98
66
93
61
94
62
99
67
155
123
135
103
58
31
54
62
48
99
247
214
35
58
66
68
60
37
64
69
33
56
64
33
29
29
35
35
58
66
93
29
54
31
29
66
58
35
75
40
72
75
110
89
33
65
79
83
68
77
81
87
55
69
73
72
150
118
94
133
83
98
27
59
67
25
71
58
35
61
103
91
20
52
92
53
21
104
67
35
67
111
114
40
63
20
103
91
52
65
60
131
92
35
58
61
93
22
54
95
24
56
97
35
58
47
45
67
59
36
33
31
8
8
49
72
80
69
69
67
86
35
58
66
71
33
69
69
66
69
91
96
30
60
33
80
106
57
89
68
73
52
23
145
105
184
39
62
21
29
64
58
56
62
54
31
111
99
28
60
65
57
34
95
44
58
26
97
109
93
61
143
47
86
54
56
75
46
28
96
25
57
115
499
23
25
70
99
109
95
61
132
84
40
37
111
97
44
82
30
101
62
27
59
106
35
67
62
36
59
107
23
62
54
31
24
68
49
43
32
55
63
102
61
90
35
33
43
68
49
86
60
24
93
61
95
64
69
63
80
104
139
71
92
91
59
96
64
47
76
70
128
143
65
65
116
121
64
47
95
63
70
92
60
95
63
82
68
139
64
54
25
25
47
111
30
75
63
16
97
109
69
116
114
62
120
112
69
66
109
30
66
38
66
58
35
56
63
74
27
72
88
50
43
50
43
37
59
27
98
110
58
35
66
28
24
46
82
130
85
48
41
50
43
57
57
55
87
57
89
31
56
88
69
60
92
59
91
61
93
65
136
117
116
118
118
59
36
70
47
29
76
43
58
35
66
91
59
111
63
60
33
117
87
57
34
105
108
87
73
50
121
124
87
117
61
68
66
55
87
93
61
62
33
49
63
59
36
67
66
35
58
59
91
100
151
73
77
70
88
60
99
64
88
24
87
93
54
22
93
105
53
21
92
104
31
54
62
35
58
66
37
60
68
55
64
41
112
115
49
49
107
36
110
59
124
119
99
57
21
104
72
45
123
64
96
62
39
110
113
54
31
67
109
58
35
66
68
62
26
104
182
95
38
62
115
42
78
120
83
127
116
69
41
110
144
153
95
113
117
35
115
107
152
64
33
69
31
23
61
53
55
58
26
97
71
40
63
54
99
36
102
46
46
103
153
46
63
118
109
75
132
126
40
54
31
36
83
48
61
79
103
155
63
90
59
91
54
31
62
42
29
79
139
216
62
103
145
63
102
194
67
89
57
58
90
58
90
58
61
35
34
57
65
151
80
63
55
87
73
65
63
65
43
64
147
60
37
58
35
96
31
54
62
40
63
71
66
147
68
119
119
124
41
30
28
30
103
109
130
141
61
93
103
127
107
105
114
105
112
240
201
94
70
117
93
130
73
36
34
52
108
69
102
46
73
46
68
123
32
33
75
126
96
112
167
81
114
63
60
29
121
54
31
30
28
64
56
33
31
117
62
56
57
88
143
77
35
69
73
142
82
62
117
31
94
91
59
76
88
119
33
64
66
105
119
205
150
52
83
97
149
48
79
134
146
67
108
104
159
63
149
73
94
157
105
129
96
129
120
63
115
66
120
99
101
32
32
196
72
33
80
45
134
26
152
31
116
36
71
125
65
30
119
117
110
30
39
27
27
39
65
71
128
123
88
86
85
85
131
65
122
117
65
136
117
96
70
22
56
58
59
116
111
73
56
142
124
37
37
105
115
58
131
41
48
63
70
63
70
63
113
105
122
118
34
68
65
31
65
62
62
96
93
120
115
142
100
77
92
184
69
72
138
119
67
116
59
111
119
114
62
116
59
111
117
60
112
133
76
128
35
33
76
42
72
73
59
116
111
63
31
110
121
31
121
110
68
71
66
66
75
38
68
110
35
72
69
81
121
61
30
112
116
116
34
65
120
57
26
112
108
60
29
115
111
61
116
112
26
63
32
118
114
60
29
115
111
57
26
112
108
114
63
46
132
65
34
120
116
190
29
229
105
105
54
99
112
26
108
57
63
32
114
118
156
57
83
88
221
147
111
116
62
41
65
48
134
116
52
28
59
62
43
71
63
58
67
32
118
114
65
91
65
29
95
57
57
38
38
59
59
85
85
29
27
51
75
72
50
76
115
69
35
66
133
66
110
151
84
62
84
124
84
124
84
124
156
28
64
90
68
94
30
61
112
116
66
123
118
62
119
114
60
117
112
61
118
113
37
37
64
90
95
165
64
86
65
122
117
65
122
117
68
94
116
14
63
62
108
94
59
59
94
31
62
65
60
55
66
27
35
48
93
21
61
67
90
63
66
87
26
108
112
57
34
64
90
167
63
120
115
83
27
27
155
129
60
112
101
99
73
65
75
66
31
30
64
30
61
71
40
74
62
63
65
67
65
62
62
119
114
62
119
114
67
91
92
69
160
79
78
134
63
62
25
75
68
161
126
97
130
112
114
28
59
110
163
69
143
121
30
125
67
118
32
126
109
58
59
111
116
56
56
60
114
25
121
32
67
31
39
132
111
179
31
62
117
113
47
115
64
133
50
69
38
124
120
80
60
29
115
111
59
25
111
107
44
64
65
62
31
121
68
62
31
113
117
109
113
49
183
131
73
38
124
33
33
116
137
66
118
123
112
121
102
157
71
153
62
44
72
30
116
61
112
83
133
150
100
117
127
40
90
54
122
117
63
115
120
126
145
128
84
81
119
86
55
81
81
59
94
66
62
120
27
113
31
65
62
96
24
183
183
37
123
68
119
57
117
188
169
212
301
160
76
116
121
140
69
113
117
31
62
165
69
65
122
117
224
142
59
197
90
145
72
44
78
75
77
74
43
35
69
72
71
62
117
31
113
62
31
117
128
35
72
69
111
248
163
35
69
66
77
99
96
65
151
147
140
122
65
134
129
58
27
109
113
58
27
113
109
72
65
58
71
68
72
72
33
131
45
48
48
123
119
120
42
70
35
51
65
62
42
63
110
114
62
33
50
66
88
65
92
64
95
104
132
61
26
115
108
69
96
35
69
66
51
51
61
61
99
66
63
117
149
63
66
149
117
66
31
120
113
26
94
69
72
35
57
26
112
108
141
58
50
74
113
62
111
111
122
122
63
110
28
117
34
33
67
64
62
27
116
109
27
71
128
123
63
120
115
92
144
193
61
112
44
133
33
67
64
31
33
46
46
46
79
44
98
45
45
27
28
61
26
108
115
88
95
101
73
100
63
28
117
110
75
29
49
36
83
51
60
131
200
95
50
62
27
116
109
65
122
117
89
117
65
30
119
112
64
29
118
111
184
135
35
69
72
64
92
99
103
104
61
26
115
108
96
68
125
120
34
68
65
202
117
82
171
164
69
140
121
47
81
78
78
47
81
77
42
131
124
27
39
156
159
62
66
31
120
113
62
62
65
122
117
75
146
127
65
30
119
112
61
118
113
62
27
39
59
24
113
106
69
140
121
67
62
141
62
75
62
27
39
27
39
27
39
69
126
121
27
39
143
27
39
27
39
27
39
62
35
59
60
30
64
61
72
68
47
136
115
68
139
120
69
36
125
116
32
66
63
62
119
114
30
64
61
33
31
148
148
60
25
114
107
29
63
60
38
72
69
119
190
171
62
49
72
31
31
65
62
76
41
130
123
111
65
122
117
117
159
130
62
62
161
137
113
74
43
89
53
90
48
101
172
153
62
198
47
52
84
211
136
62
51
134
129
77
70
159
124
37
60
65
62
105
200
149
79
129
62
65
42
105
70
159
152
58
80
62
122
193
174
31
65
62
122
87
176
169
29
50
116
109
73
46
119
126
126
119
38
125
62
79
62
27
116
109
67
32
121
114
64
111
29
118
129
136
47
82
131
138
49
84
42
68
62
44
81
60
117
112
67
124
119
81
22
20
106
72
103
135
142
53
88
62
62
27
81
39
87
70
27
51
52
152
62
27
116
109
27
39
80
67
156
127
71
64
153
118
73
27
39
75
103
131
38
72
69
64
43
132
61
26
73
147
61
26
115
108
132
111
65
122
117
64
215
61
30
77
148
129
61
26
115
108
56
29
119
129
186
60
25
114
107
31
71
99
110
95
76
69
158
123
118
196
70
98
22
34
66
31
120
113
62
96
93
42
76
73
77
134
129
77
134
129
38
88
57
66
221
94
67
126
69
121
65
136
117
62
90
47
81
78
60
117
112
72
94
67
95
62
62
90
96
65
194
143
31
65
62
31
65
62
70
35
124
117
60
117
112
35
69
72
85
64
121
116
71
35
69
72
62
119
114
72
81
59
165
48
101
116
116
64
29
118
111
115
88
102
70
28
83
110
31
26
52
27
51
69
66
101
102
80
45
134
127
56
50
64
58
85
63
62
48
66
60
74
46
64
59
66
93
134
127
45
80
97
213
213
35
116
111
96
69
91
123
116
69
34
116
137
48
69
108
115
26
61
76
131
127
45
48
46
36
24
46
39
66
69
35
120
125
68
117
122
65
137
83
172
90
44
133
140
51
86
155
72
47
55
100
137
144
55
90
116
141
48
69
61
64
30
118
113
61
66
32
67
122
118
36
109
116
27
62
93
65
141
52
73
136
152
84
115
150
61
68
54
53
29
97
69
95
67
115
120
63
32
186
277
277
186
42
17
28
35
30
47
28
40
17
49
63
55
41
60
30
114
19
34
46
28
28
42
46
20
111
143
32
41
22
18
18
14
20
30
39
76
34
49
24
20
18
49
88
30
36
25
75
75
24
56
61
121
89
50
53
53
53
53
30
50
50
49
49
54
54
62
62
55
120
71
145
55
95
170
69
78
39
81
96
30
112
143
99
78
46
62
79
61
61
101
23
173
50
82
82
89
43
85
127
185
66
77
38
143
76
66
93
45
76
66
86
86
76
127
127
111
111
62
62
152
152
152
152
10
77
99
69
147
103
122
122
46
30
51
81
81
127
107
107
107
107
84
84
42
139
71
121
109
62
112
162
82
121
99
178
146
90
69
105
91
80
156
44
301
106
120
91
298
273
148
165
100
464
121
170
81
79
140
284
194
20
246
205
166
71
48
74
78
73
92
93
569
347
85
135
141
76
18
60
110
64
84
76
246
248
138
129
70
47
125
48
191
34
209
150
144
130
80
69
61
11
173
133
134
42
208
74
77
105
149
61
75
88
51
159
121
117
117
123
58
176
61
30
325
141
76
74
174
177
174
31
108
90
92
117
610
57
47
135
133
136
105
239
237
40
49
55
69
184
60
107
61
57
60
8
47
20
87
141
129
75
133
41
49
114
35
64
44
364
185
21
49
55
200
81
298
34
60
152
189
152
189
139
139
540
114
114
209
142
46
46
75
59
229
404
404
274
92
92
191
176
57
57
338
338
150
121
121
135
135
135
135
97
81
81
49
51
148
148
56
124
124
141
137
141
137
91
91
34
34
34
104
70
191
191
246
246
224
224
370
370
194
79
227
195
196
195
196
189
189
316
141
141
140
140
88
115
533
533
115
115
190
190
134
133
205
47
75
178
133
120
91
170
156
157
29
177
177
125
125
148
148
237
225
237
225
187
187
229
229
540
22
22
156
156
156
156
81
305
305
120
120
23
23
101
101
228
256
228
256
55
55
299
299
24
24
165
165
71
66
66
265
277
275
89
162
162
156
156
156
156
142
119
142
119
186
186
189
189
205
205
97
97
227
59
180
180
222
159
216
214
122
122
288
288
210
210
81
174
174
265
265
110
110
134
134
152
152
94
94
80
149
60
273
128
128
123
105
122
105
122
55
55
91
91
149
149
159
216
214
222
87
87
63
63
156
156
82
82
197
197
234
234
92
92
126
126
41
41
127
127
100
100
199
195
153
107
107
48
124
124
200
154
154
76
76
91
91
122
122
137
137
61
61
266
266
266
121
121
137
137
53
53
59
136
61
36
36
53
53
63
63
57
57
165
165
121
125
121
125
37
37
76
76
124
124
142
142
121
121
59
59
91
44
43
43
43
43
166
109
162
119
119
41
117
117
76
76
61
61
109
109
25
25
49
49
154
154
158
158
69
91
130
83
83
37
37
113
113
193
193
96
96
47
47
41
41
51
51
94
94
46
46
85
85
90
90
119
119
47
47
119
119
89
81
71
71
58
58
69
69
62
62
610
58
58
24
24
198
198
125
125
138
24
24
163
163
132
132
94
94
128
64
64
29
29
36
36
48
48
107
107
39
39
89
81
61
61
60
61
46
37
107
107
136
148
148
133
133
443
443
43
43
112
112
113
148
66
66
98
98
69
39
102
56
276
276
71
110
60
60
67
67
38
39
29
36
42
42
42
42
218
37
37
81
81
470
470
462
449
315
315
571
571
56
109
140
58
64
35
141
109
43
141
141
141
682
602
445
292
140
511
28
28
231
236
414
467
466
461
197
190
487
141
434
431
501
431
501
431
501
268
141
268
141
430
479
389
34
389
374
514
539
358
435
447
54
109
64
109
443
135
109
135
235
135
243
135
223
135
135
410
459
459
136
132
419
461
379
445
463
451
499
276
136
276
136
371
442
367
450
162
463
497
474
474
107
494
512
86
136
55
44
118
210
383
439
411
522
515
530
505
451
546
529
445
390
439
498
491
416
465
503
447
453
402
447
40
260
479
686
585
511
501
136
256
136
316
136
41
460
387
460
135
135
375
452
742
629
602
606
618
604
441
415
461
390
445
136
570
426
437
69
107
262
459
406
256
136
478
469
485
206
196
445
387
448
479
304
180
134
138
136
136
136
136
136
406
374
451
445
462
477
378
141
455
449
386
437
443
455
433
433
433
433
433
437
35
35
35
35
438
463
435
470
256
34
389
34
370
443
427
468
378
439
398
445
134
346
451
52
40
486
485
109
135
136
64
435
30
30
135
135
135
135
135
714
324
136
434
447
276
136
114
114
114
114
114
114
114
114
114
114
114
114
114
114
114
114
114
114
114
114
114
114
114
114
114
114
114
114
114
114
114
114
114
114
114
114
114
112
112
112
112
112
440
136
324
136
272
136
455
434
455
138
423
466
427
448
395
448
495
498
391
450
375
462
375
460
375
456
452
452
55
109
268
136
276
136
595
514
639
559
476
419
470
459
470
427
466
475
391
450
492
448
399
447
486
448
355
438
411
464
292
136
695
602
107
136
136
423
450
439
474
449
431
460
475
315
451
58
109
367
419
456
383
440
136
455
456
136
136
109
331
523
496
379
442
481
272
136
264
136
136
136
236
136
268
136
268
136
252
136
136
268
136
240
136
256
136
224
136
260
136
136
288
136
252
136
256
136
248
136
136
256
136
136
252
136
136
252
136
256
136
248
136
136
244
136
136
260
136
268
136
272
136
252
136
136
136
276
136
136
136
264
136
260
136
280
136
136
136
136
136
260
136
136
268
136
136
264
136
260
136
136
260
136
252
136
276
136
240
136
232
136
252
136
228
136
244
136
248
136
268
136
248
136
136
260
136
136
244
136
260
136
136
236
136
136
264
136
256
136
256
136
244
136
260
136
136
276
136
136
252
136
284
136
272
136
276
136
264
136
304
136
264
136
284
136
256
136
272
136
256
287
436
378
441
354
448
438
475
366
534
517
137
137
137
137
137
137
137
137
137
135
135
135
137
137
137
137
137
137
137
455
445
734
613
430
482
438
479
430
478
438
475
139
139
139
139
139
139
139
139
139
139
139
139
139
139
139
139
139
137
137
137
137
137
137
137
137
137
137
137
137
137
137
137
137
137
137
137
137
137
137
137
137
137
137
137
137
137
137
137
137
137
137
137
137
137
137
137
137
137
135
135
135
135
139
139
139
139
137
137
137
137
135
458
494
490
490
466
135
339
443
491
68
109
378
439
514
485
135
275
135
486
434
457
406
455
442
466
471
453
287
135
371
445
398
446
491
495
402
459
434
477
418
447
239
135
367
370
442
330
438
338
438
457
359
446
391
464
135
530
410
330
441
453
472
512
374
471
462
441
272
374
455
367
438
367
444
444
449
422
449
437
379
403
478
379
448
474
135
135
135
135
135
135
135
135
135
135
135
462
493
514
566
503
298
447
442
477
415
438
362
451
494
508
450
430
463
465
714
609
227
135
390
453
267
135
415
464
390
447
398
445
443
310
441
251
135
472
135
334
439
447
374
455
584
562
543
453
350
267
135
495
495
495
495
495
493
491
487
487
487
440
362
448
501
135
439
240
138
244
136
232
136
406
450
735
455
395
466
374
445
390
435
382
447
418
450
530
507
448
453
370
447
434
447
358
448
447
259
135
362
445
335
335
381
330
86
445
330
444
438
502
486
542
491
443
362
453
450
465
442
453
402
460
466
474
454
466
422
454
442
354
452
445
315
187
370
451
406
461
346
447
475
315
137
283
135
358
451
135
331
135
450
485
354
448
135
135
135
279
135
323
135
135
135
135
135
366
439
374
459
390
445
430
475
370
441
667
271
667
667
255
137
295
137
271
135
263
135
454
451
243
235
135
135
610
563
570
563
403
474
370
328
370
328
350
497
399
458
354
483
510
513
510
354
465
212
118
200
118
118
118
135
118
248
118
236
118
236
118
308
118
240
118
465
499
496
338
338
118
284
118
212
118
437
340
326
479
366
497
418
489
244
118
216
118
350
398
453
69
135
243
378
459
135
135
135
306
107
306
107
306
107
314
107
310
107
306
107
322
107
318
107
306
107
322
107
322
107
306
107
326
107
314
107
310
107
302
107
306
107
302
107
310
107
306
107
310
107
326
107
326
107
318
107
314
107
314
107
302
107
298
107
330
107
318
107
278
107
294
107
318
107
306
107
322
107
511
512
426
107
135
107
107
107
107
228
118
370
258
302
346
358
276
118
107
472
107
135
107
107
107
107
107
107
107
470
472
464
468
472
107
464
107
107
107
107
107
107
59
106
250
306
108
107
107
307
449
107
135
107
107
107
107
107
135
135
107
135
107
135
107
107
137
107
107
107
107
107
107
107
107
107
135
107
137
135
107
107
107
107
107
107
107
107
107
107
107
107
107
135
467
266
246
107
107
107
107
107
107
107
107
107
107
107
107
107
107
107
107
107
107
107
107
107
107
107
107
107
107
107
107
107
107
118
107
107
107
107
107
107
222
262
310
286
334
286
342
354
366
306
290
310
283
274
107
334
254
107
107
107
107
107
107
107
107
107
107
107
107
107
107
107
107
107
107
107
107
107
107
107
107
107
107
107
107
107
107
107
107
107
107
107
107
107
107
107
107
107
107
107
107
107
107
107
107
107
107
107
107
107
107
107
107
107
107
107
107
107
107
107
107
107
107
107
107
107
107
107
107
107
107
107
107
107
107
107
107
107
107
107
107
107
107
107
107
107
107
135
107
107
107
107
135
107
107
107
135
107
107
107
107
107
107
107
107
107
176
107
107
107
107
107
107
483
446
106
459
426
336
18
18
18
18
141
141
141
141
141
141
141
37
37
21
21
37
37
21
21
140
563
602
401
141
252
141
248
390
406
471
438
143
145
143
461
454
461
116
35
44
141
252
469
469
469
469
497
50
50
418
455
455
269
41
41
41
378
378
109
55
58
58
109
109
145
145
109
68
519
519
109
54
109
56
64
72
483
418
107
141
304
155
155
598
467
397
397
427
427
427
427
471
136
276
276
135
473
466
473
466
135
463
37
37
37
37
447
402
91
91
91
91
42
72
72
72
72
457
426
383
656
135
423
741
295
473
398
398
471
394
471
394
394
394
32
32
32
32
37
37
37
37
24
24
24
24
24
24
24
24
56
56
56
56
40
40
30
30
106
106
69
69
54
54
30
30
54
54
30
30
28
28
103
103
78
78
91
91
91
91
91
91
91
91
104
104
104
104
58
58
58
58
91
91
91
91
58
58
58
58
75
75
75
75
91
91
91
91
28
28
28
28
98
276
275
89
89
88
88
107
107
107
286
56
56
173
198
52
17
83
67
157
140
36
77
21
67
61
142
141
72
205
22
17
123
160
123
160
38
38
63
71
66
42
33
26
39
47
47
28
51
47
33
46
48
43
31
34
21
49
17
17
33
27
34
30
20
39
39
32
46
188
34
26
30
20
20
86
8
21
48
34
160
45
66
30
14
16
31
48
30
40
30
34
34
34
34
36
32
38
105
17
16
28
48
48
10
16
37
25
25
49
51
49
49
22
42
21
22
21
20
27
32
30
25
41
20
28
33
17
21
68
33
33
32
69
34
81
26
25
30
30
47
137
23
25
27
16
16
16
25
25
29
18
24
49
34
52
48
13
155
114
245
38
39
39
27
31
52
93
34
31
26
141
47
42
53
25
23
19
21
14
66
66
28
44
26
28
33
22
22
49
49
14
23
30
26
50
33
15
19
79
65
23
23
52
42
32
46
24
21
22
58
16
10
35
40
27
189
15
46
67
23
36
37
43
12
40
48
31
42
54
24
22
59
22
63
22
29
41
22
48
23
52
36
35
36
76
16
19
73
43
32
55
23
26
75
62
20
28
28
32
31
28
33
32
34
32
37
26
23
29
22
21
16
20
39
29
43
43
43
91
16
34
61
120
48
34
49
63
30
51
81
82
72
75
57
79
76
67
38
75
84
102
76
73
67
58
43
46
118
38
96
127
127
46
76
56
45
59
62
24
16
86
137
41
77
109
34
100
30
100
30
87
87
28
24
16
71
70
70
72
72
24
24
51
37
37
21
21
29
91
91
70
70
132
132
50
29
29
29
29
29
29
29
38
29
29
29
29
30
31
28
28
29
29
29
29
29
29
29
29
29
29
29
29
29
30
158
168
31
36
37
38
31
29
29
29
29
29
29
29
29
29
29
29
29
29
29
29
29
33
29
29
29
29
29
29
29
29
29
29
29
29
29
29
37
34
32
29
29
29
29
37
30
29
28
28
29
29
30
28
29
29
30
31
29
29
29
29
29
29
29
29
33
31
34
29
29
29
29
29
29
29
29
29
29
29
34
29
29
29
29
29
29
116
30
32
30
26
26
26
26
26
26
26
26
29
29
29
27
27
26
26
34
26
26
26
26
28
29
32
29
29
26
26
26
26
26
26
26
26
26
26
26
26
27
27
26
26
26
26
26
26
26
26
26
26
26
26
26
26
29
29
29
29
26
26
26
26
26
26
26
26
30
29
29
29
30
29
29
31
29
29
29
29
29
29
29
29
29
29
26
26
26
26
26
26
27
27
29
26
26
29
26
26
39
26
26
29
29
29
26
26
29
26
26
26
26
30
27
27
26
26
28
29
26
26
30
27
27
26
26
31
28
28
30
27
27
26
26
26
26
31
28
28
29
26
26
29
26
26
26
26
26
26
25
25
26
26
26
26
26
26
26
26
30
27
27
26
26
27
27
27
27
26
26
27
27
26
26
26
26
26
26
30
30
26
26
26
26
29
26
26
29
26
26
29
26
26
29
26
26
29
26
26
26
26
27
27
28
28
26
26
26
26
26
26
26
26
26
26
26
26
26
26
29
26
26
29
26
26
29
26
26
29
26
26
26
26
26
26
26
26
26
26
26
26
26
26
26
26
26
26
26
26
32
32
26
26
26
26
28
28
26
26
26
26
26
26
26
26
26
26
29
26
26
29
26
26
29
26
26
29
26
26
28
25
25
30
27
27
29
26
26
26
26
26
26
26
26
25
25
25
25
26
26
26
26
26
26
26
26
26
26
26
26
26
26
26
26
26
26
26
26
26
26
25
25
26
26
26
26
26
26
29
29
26
26
29
26
26
28
29
26
26
26
26
29
26
26
28
25
25
29
26
26
29
26
26
29
29
26
26
29
26
26
34
31
31
29
26
26
29
26
26
29
26
26
28
28
158
168
39
29
26
26
29
26
26
29
26
26
29
26
26
29
26
26
29
26
26
29
26
26
28
25
25
29
26
26
45
45
45
45
45
45
45
45
45
45
45
45
45
45
45
45
48
45
48
46
46
45
45
44
45
45
45
50
45
44
45
45
45
45
45
45
45
45
44
45
45
45
45
45
45
45
45
45
45
45
45
45
45
45
45
45
45
45
45
45
45
46
46
48
49
49
45
45
45
45
45
45
45
45
45
45
45
45
45
45
45
45
45
45
45
48
45
45
45
26
26
26
26
26
26
29
26
26
16
27
27
29
26
26
26
26
29
26
26
26
26
29
29
26
26
29
26
26
29
26
26
30
27
27
29
26
26
29
26
26
29
26
26
59
62
29
26
26
57
29
26
26
29
26
26
29
26
26
29
26
26
29
26
26
30
27
27
30
27
27
30
27
27
30
27
27
29
26
26
29
26
26
31
31
34
29
26
26
29
26
26
32
29
29
29
29
26
26
26
26
29
26
26
29
26
26
26
26
26
26
29
26
26
26
26
26
26
26
29
26
26
29
29
27
27
29
29
26
26
26
26
29
28
26
26
29
26
26
29
26
26
29
26
26
26
26
29
26
26
26
26
29
26
26
29
26
26
29
30
51
27
29
50
50
50
50
29
50
50
29
29
50
50
55
55
26
55
55
26
26
55
55
63
55
58
58
58
55
55
26
30
59
59
26
55
55
55
55
26
26
54
54
27
56
56
55
55
26
27
56
56
26
55
55
51
51
26
26
55
26
51
51
26
26
51
51
26
26
26
26
26
26
51
51
27
26
51
51
26
22
29
26
26
112
26
55
96
35
27
42
67
24
27
27
99
35
50
42
55
49
184
40
47
86
76
49
42
184
47
40
86
76
49
42
38
56
82
58
38
56
82
58
59
59
67
67
112
67
19
19
74
82
82
44
56
56
56
56
79
69
56
74
51
134
46
51
170
183
183
91
74
74
94
95
95
57
91
39
42
156
156
57
77
77
91
91
33
33
26
28
62
71
71
57
33
33
33
28
46
26
15
12
50
96
36
42
42
91
120
44
43
43
43
60
37
37
37
37
46
115
79
83
105
57
34
55
27
44
96
37
37
19
51
45
67
68
68
67
67
47
99
34
44
34
34
42
17
17
37
17
40
40
58
58
50
133
133
35
35
42
51
96
65
68
96
65
68
23
23
23
62
56
98
44
63
39
117
73
52
52
53
50
40
32
20
77
79
59
56
168
38
34
46
81
69
79
47
96
52
35
42
15
33
71
31
68
32
52
43
44
44
44
43
43
51
47
68
68
43
43
70
98
207
144
144
85
85
50
50
50
50
79
79
117
76
76
33
86
76
91
86
91
86
51
86
86
53
53
53
53
53
53
66
67
67
30
30
42
28
28
21
19
21
21
68
67
78
78
29
29
38
38
32
32
46
46
52
52
106
77
40
56
61
30
22
22
44
52
49
48
144
25
22
69
61
22
22
22
22
40
47
72
41
56
34
27
38
38
85
66
30
45
68
78
27
69
38
20
12
48
34
40
18
33
57
180
44
32
32
31
28
27
29
28
27
29
81
47
49
29
50
29
50
22
21
27
19
25
19
37
38
225
55
21
39
39
63
53
149
71
19
68
23
12
59
47
44
44
219
219
219
45
61
45
61
173
173
42
41
42
41
26
26
26
26
219
56
89
89
95
95
85
85
24
103
47
47
71
71
50
50
30
30
148
99
99
31
119
19
11
59
121
121
48
48
20
20
96
96
31
31
121
121
155
164
39
39
155
158
39
39
12
20
53
63
36
36
41
41
51
51
73
73
24
24
24
32
32
69
69
69
46
46
96
35
35
28
28
193
193
122
122
198
94
94
22
22
81
54
54
96
81
86
106
106
70
70
57
48
48
106
56
56
68
68
44
44
82
82
106
43
43
43
65
65
49
49
33
33
16
42
159
86
24
36
37
36
31
31
31
47
47
46
31
56
163
82
74
52
64
37
107
31
68
69
45
50
56
102
44
36
22
49
38
48
60
27
71
106
111
78
72
72
45
66
43
214
12
61
60
83
82
27
81
22
36
37
36
31
68
68
60
60
18
18
18
18
87
87
46
45
45
45
70
70
37
35
39
39
46
81
27
112
112
163
46
47
47
46
37
51
44
88
44
44
88
83
83
48
48
147
147
27
27
276
276
205
205
46
289
309
65
65
46
64
48
48
63
63
142
142
105
105
37
71
71
68
68
47
47
53
53
158
158
42
42
77
77
149
149
97
97
52
52
64
64
211
211
104
104
92
92
40
40
109
109
44
44
56
56
54
65
54
65
44
44
17
17
23
23
34
34
90
90
106
106
65
65
45
45
52
52
56
61
67
67
73
73
32
32
34
34
161
161
64
64
39
39
31
31
31
31
82
41
41
51
51
44
44
103
103
156
156
60
60
45
45
57
57
41
41
131
131
87
87
40
40
18
18
103
76
71
63
63
34
28
103
26
25
26
24
25
51
49
59
59
65
194
93
17
20
69
29
139
139
256
11
11
24
53
32
32
66
28
32
66
40
118
25
31
52
66
40
118
77
99
68
64
32
106
89
95
46
68
61
50
77
99
109
108
42
41
129
78
82
93
47
98
69
59
45
34
68
58
41
33
25
20
69
69
209
98
98
402
86
25
33
148
435
106
120
206
206
187
143
92
137
195
160
113
68
92
98
97
98
97
97
97
97
97
97
98
98
98
98
98
97
97
11
69
39
73
31
36
39
52
50
67
66
72
57
13
28
19
57
16
48
34
38
46
45
113
21
58
42
41
23
47
29
61
27
20
79
21
21
42
56
26
50
42
22
16
36
20
20
20
51
58
35
28
29
23
31
60
34
50
98
18
25
55
58
21
45
90
107
55
30
37
25
35
55
80
87
33
26
30
22
22
39
64
43
14
35
35
58
59
33
42
40
80
58
75
65
58
36
33
64
70
84
39
37
32
47
43
26
34
45
48
27
35
50
67
83
68
41
44
44
75
44
44
44
44
44
44
44
44
104
67
37
94
59
92
94
28
40
50
66
81
102
202
150
41
34
19
88
61
42
153
92
22
13
26
26
11
39
30
30
30
10
21
24
25
57
57
58
37
18
42
35
94
54
92
93
15
228
32
119
69
30
77
63
58
48
14
16
14
14
107
32
37
6
46
57
31
52
87
93
55
151
67
51
49
18
40
145
30
186
161
198
199
21
21
32
25
15
33
43
53
39
43
23
15
76
23
30
31
47
33
47
49
36
46
16
34
39
52
13
24
21
25
36
21
44
45
20
19
40
34
23
51
30
63
30
43
44
23
56
32
39
39
39
39
75
68
62
28
29
37
42
31
54
64
43
35
52
30
46
57
37
31
27
8
46
15
37
50
27
49
31
350
30
33
37
58
36
27
25
24
85
26
27
69
35
38
40
40
40
37
20
61
51
40
46
29
63
44
104
92
104
33
28
28
53
29
29
50
119
23
31
56
172
167
65
41
32
18
37
28
22
63
14
58
17
21
25
17
21
25
71
40
26
36
107
82
88
42
22
69
31
34
39
26
26
33
146
101
23
30
93
20
32
34
76
63
60
42
36
53
17
52
72
52
31
19
10
54
49
109
30
38
30
38
30
38
30
38
30
38
30
38
42
31
21
35
10
26
30
37
58
22
27
31
34
30
38
107
66
66
65
67
68
71
70
65
65
69
66
66
69
69
69
65
66
69
70
67
65
70
70
70
69
66
17
89
24
19
121
15
68
20
37
51
64
10
53
54
54
76
35
32
57
100
72
123
37
174
20
150
17
92
15
27
106
28
92
26
19
36
16
42
34
8
32
16
16
16
16
16
16
16
16
16
16
24
16
16
16
16
94
23
28
74
12
20
47
186
75
47
19
26
25
27
16
16
51
75
36
48
32
25
41
36
73
61
111
65
28
70
62
39
12
60
45
27
113
23
35
12
51
87
30
22
19
40
33
98
96
56
19
37
33
38
11
24
54
37
63
16
35
28
35
16
79
26
21
46
21
19
24
29
35
27
22
83
18
61
34
22
22
17
89
90
78
19
29
33
39
61
35
54
26
31
21
14
121
121
121
121
31
51
54
35
34
42
30
30
59
35
204
29
32
44
61
24
90
93
81
77
43
35
35
93
54
86
47
29
24
30
103
38
45
27
42
54
30
50
58
126
29
70
39
79
34
9
40
49
37
47
147
15
41
41
43
43
29
41
27
27
34
27
67
38
17
32
55
53
15
33
22
24
28
27
35
37
100
39
42
16
33
66
48
44
54
43
70
39
34
34
77
40
42
25
30
30
43
43
33
41
79
51
76
43
26
46
46
16
38
35
35
40
45
46
40
40
40
37
39
41
40
36
36
38
37
58
41
38
37
44
38
33
31
31
23
29
26
13
40
49
49
50
50
25
43
50
43
19
30
31
40
22
22
56
28
22
21
30
29
82
74
32
63
63
28
20
20
20
20
20
20
20
97
79
81
81
81
81
27
32
36
30
38
39
38
39
40
42
42
62
29
23
35
40
32
37
30
29
38
63
30
25
26
42
28
29
56
51
54
28
27
33
27
28
28
28
30
29
30
59
73
88
42
30
33
31
34
44
25
35
47
36
25
32
22
35
59
79
62
133
29
23
54
63
65
177
24
29
40
47
38
143
37
35
37
94
67
35
21
111
65
34
44
39
107
107
107
107
107
107
188
216
46
45
18
33
42
26
76
63
40
62
58
42
18
25
14
19
62
57
51
42
34
11
27
21
87
27
28
27
27
27
27
27
27
20
33
48
38
65
51
137
51
55
48
49
76
54
63
35
43
45
48
121
41
71
95
52
27
37
45
33
46
51
55
51
67
53
42
63
39
90
76
40
37
31
51
39
53
38
55
39
35
43
33
23
33
31
50
66
35
50
84
38
59
40
36
22
48
122
42
46
42
20
53
60
60
88
54
24
35
28
43
95
36
41
66
44
51
40
45
51
48
41
43
46
42
37
48
46
44
45
39
47
50
93
37
45
39
33
86
39
38
37
19
19
63
63
35
23
65
65
42
50
50
29
34
28
50
54
57
57
54
50
19
33
33
123
129
163
256
349
367
238
78
69
66
58
58
74
72
90
71
62
66
99
79
97
130
130
33
12
46
40
82
54
136
37
31
92
92
47
27
27
41
23
38
10
47
9
10
9
47
9
10
9
47
9
10
9
47
9
10
9
10
9
47
9
10
9
47
9
10
9
47
9
10
9
47
9
10
9
47
9
10
9
47
9
10
9
47
9
10
9
47
9
47
9
10
9
47
9
10
9
47
9
10
9
47
9
10
9
47
9
10
9
47
9
10
9
47
9
10
9
47
9
10
9
11
10
47
10
11
10
47
10
11
10
47
10
11
10
47
10
11
10
47
10
11
10
47
10
11
10
47
10
11
10
47
10
11
10
47
10
11
10
47
10
11
10
47
10
11
10
47
10
10
47
10
10
47
10
47
47
11
47
11
47
11
47
11
47
11
47
11
47
47
11
11
47
47
11
11
47
47
11
11
11
47
11
47
11
47
11
47
11
47
11
47
47
11
47
11
47
11
47
11
47
11
47
11
47
11
47
11
47
11
47
11
26
26
97
97
34
33
33
33
34
30
33
34
30
16
33
34
47
11
47
11
47
11
47
11
47
10
47
11
10
47
47
10
47
11
10
47
47
10
47
11
11
35
47
26
221
43
67
89
39
30
30
32
34
32
34
33
141
150
35
40
48
46
42
58
18
18
31
100
135
64
11
10
35
89
59
19
65
58
92
69
42
91
47
62
143
31
75
53
83
43
85
71
66
45
41
40
118
83
59
14
70
59
15
10
74
53
23
52
39
29
59
57
11
11
47
11
11
47
47
11
11
47
47
11
47
11
47
11
11
47
47
11
11
47
47
11
47
52
30
108
11
47
11
11
47
47
11
11
47
47
11
47
47
11
11
47
47
11
11
47
47
11
47
33
30
52
30
28
33
52
47
47
10
47
47
33
11
47
11
52
56
52
33
30
34
33
33
33
29
52
52
33
33
34
30
34
33
33
33
34
30
30
30
34
30
30
30
34
30
30
30
34
30
34
30
30
34
30
30
29
29
11
10
30
10
34
30
11
10
47
10
11
10
47
10
11
10
47
10
11
10
47
10
11
10
47
10
11
10
47
10
11
10
47
10
11
10
47
10
11
47
11
47
11
47
11
47
11
47
11
47
11
47
11
47
11
47
11
47
11
47
11
47
11
47
11
11
52
47
52
11
48
47
48
11
52
47
52
11
48
47
48
11
52
47
52
11
48
47
48
10
10
42
10
42
10
42
10
42
65
65
65
65
65
65
65
74
35
142
58
29
50
54
54
27
26
77
35
104
106
106
106
65
99
99
101
143
66
66
48
53
172
135
156
40
235
63
156
45
32
21
76
15
32
80
85
43
99
62
135
79
151
216
96
58
62
62
83
71
32
27
31
54
40
67
42
39
51
59
83
130
20
40
41
26
126
24
114
114
114
114
282
72
72
33
33
35
35
78
78
39
39
41
41
147
214
37
34
98
122
84
84
65
34
22
22
45
14
30
24
25
50
55
56
57
57
20
104
104
104
24
53
110
11
28
28
29
29
29
29
23
29
29
28
29
31
31
29
29
29
28
29
25
29
21
36
28
31
26
25
28
29
29
29
28
28
31
30
29
30
18
29
32
35
23
29
48
64
28
29
25
44
26
211
21
21
25
16
29
37
29
17
29
29
24
18
24
27
28
24
24
11
14
25
18
18
24
19
18
19
22
26
26
18
18
23
31
131
25
40
27
19
27
25
36
43
53
54
30
51
53
32
58
30
73
34
42
33
56
32
23
53
25
24
25
24
27
26
25
35
28
26
23
32
24
26
23
24
22
34
27
30
27
31
25
26
28
27
26
17
29
29
17
17
22
21
22
22
22
22
22
22
22
23
22
22
30
22
92
25
25
27
62
54
62
106
100
430
475
37
21
18
23
71
84
59
33
66
57
46
66
34
37
51
44
57
27
37
57
74
21
21
41
25
29
21
21
37
21
25
21
29
21
49
46
49
46
49
18
41
44
63
61
93
38
43
41
83
30
24
30
28
68
36
41
37
35
234
38
38
21
36
45
63
82
33
23
91
61
82
33
33
64
36
37
37
51
51
60
60
38
38
63
31
37
37
31
31
38
38
63
31
67
27
31
31
38
38
32
32
32
32
46
75
55
55
26
26
33
33
58
61
34
34
48
77
57
57
28
35
35
60
28
33
33
59
55
34
72
48
60
60
60
28
32
32
42
20
22
91
91
18
18
24
24
59
59
18
18
24
24
105
105
18
18
24
24
42
42
50
50
43
43
29
36
45
61
68
21
41
37
28
28
39
61
42
39
36
63
35
82
234
59
58
60
72
67
60
64
63
63
36
28
31
31
28
55
82
27
33
23
61
28
91
20
22
34
61
48
29
45
25
70
32
32
58
60
51
68
39
43
395
78
401
48
80
158
59
249
25
49
58
51
60
68
39
395
43
401
48
78
80
158
249
59
49
25
57
26
57
26
52
60
43
63
38
36
41
50
38
47
38
52
52
41
46
46
48
48
74
53
42
40
36
42
46
54
68
47
47
46
41
41
42
49
43
47
40
48
90
61
53
46
37
43
43
38
52
38
37
36
29
55
93
44
35
42
39
44
63
46
45
45
44
45
45
45
48
45
44
66
51
39
38
35
54
41
58
38
49
38
44
45
50
45
64
43
52
42
43
35
130
23
42
107
36
36
26
53
35
70
55
26
37
49
63
40
56
56
43
67
33
45
41
39
34
43
20
37
41
43
66
46
49
48
44
35
28
74
49
45
46
50
42
46
68
45
48
42
50
42
44
44
44
40
63
79
54
44
46
46
55
43
35
35
49
40
40
50
89
49
46
47
41
52
36
42
45
50
42
46
41
51
62
43
66
66
31
39
48
48
35
76
53
39
40
31
46
39
44
51
45
45
46
36
208
49
38
38
40
40
44
46
47
43
43
75
48
48
52
48
35
46
46
38
45
107
51
49
47
30
29
26
50
12
26
27
56
59
43
43
49
57
66
48
39
76
98
50
31
61
44
43
23
16
37
54
48
48
63
82
45
44
200
34
17
55
21
21
168
94
57
40
18
81
46
83
25
56
37
29
88
37
20
52
49
45
49
26
23
22
34
29
38
24
32
82
24
24
44
23
33
24
26
46
93
79
41
39
44
11
232
32
88
94
61
28
86
86
25
53
21
24
63
29
31
19
60
60
62
61
60
60
60
60
55
59
61
12
12
50
53
55
10
134
33
57
76
46
53
24
24
12
38
30
75
16
44
13
14
14
43
34
48
16
23
23
64
37
37
37
27
32
73
67
45
51
31
40
17
46
39
69
61
81
51
50
22
72
40
32
20
25
23
36
73
501
75
503
75
503
75
503
75
503
25
31
17
18
20
23
43
47
48
58
27
23
21
58
69
56
21
21
20
23
39
38
30
51
43
43
54
104
23
46
52
48
70
26
23
26
50
36
50
63
23
18
20
35
40
22
158
25
56
76
53
57
30
30
99
68
87
23
161
161
126
126
60
59
46
105
35
62
112
69
70
124
278
10
58
26
31
31
50
100
173
169
51
42
83
33
86
68
88
19
49
67
70
75
93
73
35
58
53
46
30
73
76
51
55
48
67
24
24
84
37
69
32
57
103
162
49
16
30
29
45
33
36
29
94
281
220
260
220
256
38
46
68
77
31
87
45
45
46
99
48
48
48
84
41
25
46
271
226
271
44
28
24
24
24
281
112
107
107
107
217
230
267
222
332
332
332
327
332
327
427
327
436
332
332
332
431
332
332
222
327
427
222
427
327
222
637
436
332
222
222
325
222
264
325
222
222
269
222
267
222
267
230
49
230
49
49
49
49
49
49
49
49
49
49
49
325
325
325
325
222
222
222
222
222
222
222
222
222
222
325
222
222
325
325
222
222
325
325
222
222
222
222
222
222
222
222
222
222
325
325
222
222
222
222
222
222
222
222
325
332
222
222
332
222
332
222
222
431
325
325
365
345
222
325
222
222
325
222
332
222
327
325
264
222
222
222
325
254
427
337
325
427
222
325
325
427
222
222
222
222
222
222
222
222
222
222
222
222
427
325
325
222
325
222
222
222
222
325
531
330
637
269
222
325
325
222
222
222
222
327
325
325
222
224
222
222
222
222
222
222
222
222
222
222
222
332
222
325
325
222
222
222
222
222
222
222
222
222
222
222
222
433
434
222
222
222
222
222
49
222
49
75
79
78
189
268
240
240
240
234
224
222
222
222
271
224
234
226
216
216
222
241
228
226
301
240
480
222
87
254
111
91
254
285
304
282
501
356
282
49
304
222
65
224
224
56
480
49
304
356
390
222
480
572
101
31
33
51
93
31
46
46
57
33
33
58
58
35
35
72
72
72
72
70
27
20
17
30
27
81
27
166
32
40
27
49
30
60
248
71
45
48
48
50
36
55
32
44
38
35
31
151
39
85
29
40
60
19
33
24
87
38
41
55
20
22
47
75
76
39
52
45
135
44
21
18
16
49
27
269
32
31
54
54
57
43
41
27
460
44
137
60
19
19
20
19
21
20
19
18
19
18
22
22
40
41
45
35
35
39
37
77
60
70
23
49
81
24
34
34
15
60
52
20
48
40
59
38
32
46
47
49
47
46
69
222
38
39
68
28
30
29
29
44
47
80
55
69
27
42
35
47
42
60
33
70
55
36
132
39
39
16
57
57
45
37
24
48
23
55
29
39
61
34
24
24
12
57
76
41
13
49
49
85
26
35
14
18
55
20
81
81
30
30
35
37
53
71
71
18
18
75
79
18
40
32
44
44
44
49
49
81
47
40
31
50
27
60
52
74
40
24
24
44
63
38
132
21
60
76
65
108
69
57
59
143
39
35
31
31
32
67
69
49
56
56
59
68
28
21
46
20
93
34
32
18
18
95
77
163
119
119
82
82
80
80
68
61
41
18
98
100
42
14
83
16
178
9
10
9
10
9
14
11
10
26
57
106
61
61
61
61
29
65
75
34
59
20
56
54
64
63
30
20
105
33
23
22
39
115
23
27
63
28
42
28
68
44
44
44
44
49
49
49
49
41
235
235
48
28
24
90
89
86
276
77
58
76
86
39
146
146
27
27
35
35
35
35
29
29
85
34
26
30
134
134
53
134
134
54
134
54
134
53
54
54
53
54
54
243
245
80
71
62
247
244
246
245
244
246
245
126
62
62
62
92
53
47
65
331
49
67
67
67
55
55
134
134
128
71
32
64
35
190
43
44
42
10
33
129
72
72
120
127
44
61
41
27
57
37
63
27
46
33
26
23
35
36
28
50
50
50
103
40
33
193
65
52
41
89
65
283
147
283
283
113
109
29
94
188
147
147
52
52
43
34
59
59
40
14
20
180
59
58
71
50
50
50
50
67
55
58
60
33
31
29
29
46
28
34
64
45
41
45
30
30
66
49
45
45
60
29
60
39
69
71
73
82
76
28
28
26
88
69
90
95
29
34
93
43
39
43
39
55
54
73
46
30
12
33
27
38
30
31
33
40
28
27
27
33
78
24
132
19
121
41
64
71
52
86
71
78
66
32
48
123
112
124
72
69
26
26
39
101
100
95
98
96
86
92
154
85
257
50
38
28
41
41
31
49
18
42
50
89
25
44
58
29
61
42
44
202
202
202
202
202
202
202
202
202
202
202
202
202
202
202
202
202
202
202
202
202
202
85
39
53
28
25
18
42
35
45
45
29
30
33
41
29
31
29
19
36
36
45
45
63
57
100
27
38
46
40
71
23
26
72
72
35
32
119
119
58
24
59
85
85
36
36
58
37
39
43
26
56
33
34
31
71
53
39
25
41
107
47
99
14
70
50
48
50
51
40
53
76
42
76
53
55
52
23
25
22
88
26
43
51
27
29
67
40
46
25
31
29
29
33
32
31
26
50
50
31
27
68
60
57
13
21
48
47
35
93
100
26
45
30
83
28
50
43
21
38
37
33
22
22
68
71
71
71
71
71
71
71
71
64
30
84
37
59
34
77
63
32
32
33
20
29
166
22
85
39
36
19
81
75
64
30
91
92
61
97
218
101
14
80
36
76
64
33
73
83
69
92
44
109
38
35
33
69
38
24
60
17
67
43
59
42
65
44
22
62
62
26
61
32
59
41
21
59
62
70
66
73
76
52
68
70
45
45
57
45
126
70
62
62
63
119
28
53
51
56
56
56
55
59
99
52
48
122
45
45
44
44
42
106
39
118
54
146
48
48
38
64
34
60
44
59
31
56
34
68
85
105
70
70
78
78
31
31
42
58
35
24
22
53
52
74
59
45
31
90
54
31
59
36
61
39
85
36
46
59
83
83
35
35
117
35
87
106
55
104
88
52
50
52
87
45
69
63
57
65
22
20
20
84
85
43
12
21
69
70
40
41
126
125
73
72
19
54
50
37
50
37
35
35
46
63
52
37
37
64
20
32
41
24
46
52
74
74
74
60
59
53
38
30
32
32
35
47
26
44
35
57
74
27
27
27
34
48
44
90
37
37
59
28
69
68
146
93
63
46
35
94
35
65
35
33
63
78
68
63
57
55
74
53
34
21
21
77
93
72
72
35
53
48
66
28
59
35
63
57
74
31
53
28
33
32
50
93
72
64
64
88
125
75
30
125
73
53
52
66
131
120
84
50
92
125
114
76
37
29
21
72
29
75
69
42
73
66
46
63
43
44
37
52
35
61
57
31
102
62
64
76
68
61
53
30
63
65
84
122
96
75
83
66
51
80
68
60
37
22
72
48
28
42
61
58
35
102
76
29
51
72
68
41
65
57
34
54
70
101
68
99
91
64
66
58
35
66
58
35
66
66
65
57
34
66
58
35
67
59
36
34
26
45
56
42
33
67
20
42
26
26
73
34
26
43
21
95
68
76
51
76
51
75
36
28
29
51
67
21
43
41
65
43
90
116
73
84
49
37
78
43
31
20
38
61
69
36
36
71
63
40
67
59
36
74
35
27
61
53
30
58
55
61
61
67
54
53
53
62
54
31
108
82
35
57
85
80
83
78
82
55
35
82
55
35
84
61
75
42
28
108
76
69
84
67
23
23
52
28
67
36
75
72
33
25
42
35
69
124
124
120
120
32
72
33
55
84
57
37
34
89
50
42
29
62
54
31
131
131
64
56
33
29
43
48
38
42
39
40
51
39
63
55
32
27
33
27
35
68
65
32
89
52
78
56
115
141
55
61
61
33
72
72
72
31
31
31
31
31
31
28
77
102
74
73
63
125
73
53
64
28
98
66
58
45
31
31
31
31
67
62
103
104
39
45
94
32
61
52
29
55
39
62
32
61
76
68
45
43
62
55
40
72
55
35
94
86
76
41
37
60
68
35
24
56
37
36
34
34
26
34
32
31
58
89
81
37
60
68
37
62
54
31
75
31
34
87
87
75
27
59
22
31
54
62
23
55
32
30
53
61
29
61
23
55
38
37
60
68
31
54
62
33
33
43
31
97
26
58
113
81
119
87
75
106
74
107
108
76
30
28
58
35
144
116
32
64
42
30
27
91
28
42
20
67
93
69
61
44
95
48
76
96
70
23
45
34
65
27
34
147
32
58
35
58
66
43
24
68
94
104
126
53
53
56
27
21
53
27
59
129
125
149
137
30
112
100
29
61
92
20
52
22
20
110
98
27
59
34
26
56
40
84
47
50
80
75
77
81
74
75
79
77
71
33
46
34
36
59
67
36
45
61
70
38
109
121
44
37
69
29
55
73
108
76
105
34
66
29
39
59
99
91
97
26
58
82
31
23
131
39
27
108
33
55
74
71
71
109
138
115
21
53
51
37
29
44
36
54
46
70
25
110
43
21
68
94
56
97
100
105
105
86
86
54
54
122
65
29
30
62
23
23
46
61
164
31
58
53
59
76
91
20
52
57
25
96
28
134
64
32
44
100
29
61
39
82
165
153
114
110
98
27
59
34
81
46
23
57
41
46
35
40
37
23
18
21
92
52
53
63
61
59
56
62
53
51
53
50
56
57
58
53
63
61
59
56
62
53
51
53
50
56
57
58
56
56
56
91
70
55
32
48
34
105
66
62
73
24
56
78
150
111
76
75
90
55
93
22
54
92
21
53
96
97
26
58
61
150
71
80
53
59
67
36
106
35
58
54
31
63
72
106
35
58
95
24
56
27
39
74
56
58
45
116
77
31
31
47
25
72
98
102
80
127
153
58
36
83
109
47
25
72
98
403
381
428
454
37
42
68
28
107
119
89
105
29
87
29
25
59
91
106
56
100
112
92
66
58
35
30
66
58
81
160
57
76
104
63
62
94
66
98
27
59
30
87
55
67
120
114
49
63
42
105
95
63
98
66
98
66
93
61
94
62
99
67
155
123
135
103
58
31
54
62
48
99
247
214
35
58
66
68
60
37
64
69
33
56
64
33
29
29
35
35
58
66
93
29
54
31
29
66
58
35
75
40
72
75
110
89
33
65
79
83
68
77
81
87
55
69
73
72
150
118
94
133
83
98
27
59
67
25
71
58
35
61
103
91
20
52
92
53
21
104
67
35
67
111
114
40
63
20
103
91
52
65
60
131
92
35
58
61
93
22
54
95
24
56
97
35
58
47
45
67
59
36
33
31
8
8
49
72
80
69
69
67
86
35
58
66
71
33
69
69
66
69
91
96
30
60
33
80
106
57
89
68
73
52
23
145
105
184
39
62
21
29
64
58
56
62
54
31
111
99
28
60
65
57
34
95
44
58
26
97
109
93
61
143
47
86
54
56
75
46
28
96
25
57
115
499
23
25
70
99
109
95
61
132
84
40
37
111
97
44
82
30
101
62
27
59
106
35
67
62
36
59
107
23
62
54
31
24
68
49
43
32
55
63
102
61
90
35
33
43
68
49
86
60
24
93
61
95
64
69
63
80
104
139
71
92
91
59
96
64
47
76
70
128
143
65
65
116
121
64
47
95
63
70
92
60
95
63
82
68
139
64
54
25
25
47
111
30
75
63
16
97
109
69
116
114
62
120
112
69
66
109
30
66
38
66
58
35
56
63
74
27
72
88
50
43
50
43
37
59
27
98
110
58
35
66
28
24
46
82
130
85
48
41
50
43
57
57
55
87
57
89
31
56
88
69
60
92
59
91
61
93
65
136
117
116
118
118
59
36
70
47
29
76
43
58
35
66
91
59
111
63
60
33
117
87
57
34
105
108
87
73
50
121
124
87
117
61
68
66
55
87
93
61
62
33
49
63
59
36
67
66
35
58
59
91
100
151
73
77
70
88
60
99
64
88
24
87
93
54
22
93
105
53
21
92
104
31
54
62
35
58
66
37
60
68
55
64
41
112
115
49
49
107
36
110
59
124
119
99
57
21
104
72
45
123
64
96
62
39
110
113
54
31
67
109
58
35
66
68
62
26
104
182
95
38
62
115
42
78
120
83
127
116
69
41
110
144
153
95
113
117
35
115
107
152
64
33
69
31
23
61
53
55
58
26
97
71
40
63
54
99
36
102
46
46
103
153
46
63
118
109
75
132
126
40
54
31
36
83
48
61
79
103
155
63
90
59
91
54
31
62
42
29
79
139
216
62
103
145
63
102
194
67
89
57
58
90
58
90
58
61
35
34
57
65
151
80
63
55
87
73
65
63
65
43
64
147
60
37
58
35
96
31
54
62
40
63
71
66
147
68
119
119
124
41
30
28
30
103
109
130
141
61
93
103
127
107
105
114
105
112
240
201
94
70
117
93
130
73
36
34
52
108
69
102
46
73
46
68
123
32
33
75
126
96
112
167
81
114
63
60
29
121
54
31
30
28
64
56
33
31
117
62
56
57
88
143
77
35
69
73
142
82
62
117
31
94
91
59
76
88
119
33
64
66
105
119
205
150
52
83
97
149
48
79
134
146
67
108
104
159
63
149
73
94
157
105
129
96
129
120
63
115
66
120
99
101
32
32
196
72
33
80
45
134
26
152
31
116
36
71
125
65
30
119
117
110
30
39
27
27
39
65
71
128
123
88
86
85
85
131
65
122
117
65
136
117
96
70
22
56
58
59
116
111
73
56
142
124
37
37
105
115
58
131
41
48
63
70
63
70
63
113
105
122
118
34
68
65
31
65
62
62
96
93
120
115
142
100
77
92
184
69
72
138
119
67
116
59
111
119
114
62
116
59
111
117
60
112
133
76
128
35
33
76
42
72
73
59
116
111
63
31
110
121
31
121
110
68
71
66
66
75
38
68
110
35
72
69
81
121
61
30
112
116
116
34
65
120
57
26
112
108
60
29
115
111
61
116
112
26
63
32
118
114
60
29
115
111
57
26
112
108
114
63
46
132
65
34
120
116
190
29
229
105
105
54
99
112
26
108
57
63
32
114
118
156
57
83
88
221
147
111
116
62
41
65
48
134
116
52
28
59
62
43
71
63
58
67
32
118
114
65
91
65
29
95
57
57
38
38
59
59
85
85
29
27
51
75
72
50
76
115
69
35
66
133
66
110
151
84
62
84
124
84
124
84
124
156
28
64
90
68
94
30
61
112
116
66
123
118
62
119
114
60
117
112
61
118
113
37
37
64
90
95
165
64
86
65
122
117
65
122
117
68
94
116
14
63
62
108
94
59
59
94
31
62
65
60
55
66
27
35
48
93
21
61
67
90
63
66
87
26
108
112
57
34
64
90
167
63
120
115
83
27
27
155
129
60
112
101
99
73
65
75
66
31
30
64
30
61
71
40
74
62
63
65
67
65
62
62
119
114
62
119
114
67
91
92
69
160
79
78
134
63
62
25
75
68
161
126
97
130
112
114
28
59
110
163
69
143
121
30
125
67
118
32
126
109
58
59
111
116
56
56
60
114
25
121
32
67
31
39
132
111
179
31
62
117
113
47
115
64
133
50
69
38
124
120
80
60
29
115
111
59
25
111
107
44
64
65
62
31
121
68
62
31
113
117
109
113
49
183
131
73
38
124
33
33
116
137
66
118
123
112
121
102
157
71
153
62
44
72
30
116
61
112
83
133
150
100
117
127
40
90
54
122
117
63
115
120
126
145
128
84
81
119
86
55
81
81
59
94
66
62
120
27
113
31
65
62
96
24
183
183
37
123
68
119
57
117
188
169
212
301
160
76
116
121
140
69
113
117
31
62
165
69
65
122
117
224
142
59
197
90
145
72
44
78
75
77
74
43
35
69
72
71
62
117
31
113
62
31
117
128
35
72
69
111
248
163
35
69
66
77
99
96
65
151
147
140
122
65
134
129
58
27
109
113
58
27
113
109
72
65
58
71
68
72
72
33
131
45
48
48
123
119
120
42
70
35
51
65
62
42
63
110
114
62
33
50
66
88
65
92
64
95
104
132
61
26
115
108
69
96
35
69
66
51
51
61
61
99
66
63
117
149
63
66
149
117
66
31
120
113
26
94
69
72
35
57
26
112
108
141
58
50
74
113
62
111
111
122
122
63
110
28
117
34
33
67
64
62
27
116
109
27
71
128
123
63
120
115
92
144
193
61
112
44
133
33
67
64
31
33
46
46
46
79
44
98
45
45
27
28
61
26
108
115
88
95
101
73
100
63
28
117
110
75
29
49
36
83
51
60
131
200
95
50
62
27
116
109
65
122
117
89
117
65
30
119
112
64
29
118
111
184
135
35
69
72
64
92
99
103
104
61
26
115
108
96
68
125
120
34
68
65
202
117
82
171
164
69
140
121
47
81
78
78
47
81
77
42
131
124
27
39
156
159
62
66
31
120
113
62
62
65
122
117
75
146
127
65
30
119
112
61
118
113
62
27
39
59
24
113
106
69
140
121
67
62
141
62
75
62
27
39
27
39
27
39
69
126
121
27
39
143
27
39
27
39
27
39
62
35
59
60
30
64
61
72
68
47
136
115
68
139
120
69
36
125
116
32
66
63
62
119
114
30
64
61
33
31
148
148
60
25
114
107
29
63
60
38
72
69
119
190
171
62
49
72
31
31
65
62
76
41
130
123
111
65
122
117
117
159
130
62
62
161
137
113
74
43
89
53
90
48
101
172
153
62
198
47
52
84
211
136
62
51
134
129
77
70
159
124
37
60
65
62
105
200
149
79
129
62
65
42
105
70
159
152
58
80
62
122
193
174
31
65
62
122
87
176
169
29
50
116
109
73
46
119
126
126
119
38
125
62
79
62
27
116
109
67
32
121
114
64
111
29
118
129
136
47
82
131
138
49
84
42
68
62
44
81
60
117
112
67
124
119
81
22
20
106
72
103
135
142
53
88
62
62
27
81
39
87
70
27
51
52
152
62
27
116
109
27
39
80
67
156
127
71
64
153
118
73
27
39
75
103
131
38
72
69
64
43
132
61
26
73
147
61
26
115
108
132
111
65
122
117
64
215
61
30
77
148
129
61
26
115
108
56
29
119
129
186
60
25
114
107
31
71
99
110
95
76
69
158
123
118
196
70
98
22
34
66
31
120
113
62
96
93
42
76
73
77
134
129
77
134
129
38
88
57
66
221
94
67
126
69
121
65
136
117
62
90
47
81
78
60
117
112
72
94
67
95
62
62
90
96
65
194
143
31
65
62
31
65
62
70
35
124
117
60
117
112
35
69
72
85
64
121
116
71
35
69
72
62
119
114
72
81
59
165
48
101
116
116
64
29
118
111
115
88
102
70
28
83
110
31
26
52
27
51
69
66
101
102
80
45
134
127
56
50
64
58
85
63
62
48
66
60
74
46
64
59
66
93
134
127
45
80
97
213
213
35
116
111
96
69
91
123
116
69
34
116
137
48
69
108
115
26
61
76
131
127
45
48
46
36
24
46
39
66
69
35
120
125
68
117
122
65
137
83
172
90
44
133
140
51
86
155
72
47
55
100
137
144
55
90
116
141
48
69
61
64
30
118
113
61
66
32
67
122
118
36
109
116
27
62
93
65
141
52
73
136
152
84
115
150
61
68
54
53
29
97
69
95
67
115
120
63
32
186
277
277
186
42
17
28
35
30
47
28
40
17
49
63
55
41
60
30
114
19
34
46
28
28
42
46
20
111
143
32
41
22
18
18
14
20
30
39
76
