33
48
23
19
17
48
87
29
35
24
74
74
23
55
60
120
88
49
52
52
52
52
29
49
49
48
48
53
53
61
61
54
119
70
144
54
94
169
68
77
38
80
95
29
111
142
98
77
45
61
78
60
60
100
22
172
49
81
81
88
42
84
126
184
65
76
37
142
75
65
92
44
75
65
85
85
75
98
98
110
110
61
61
151
151
151
151
9
76
98
68
146
102
121
121
45
29
50
80
80
126
106
106
106
106
83
83
41
138
70
120
108
61
111
161
81
120
98
177
145
89
68
104
90
79
155
43
300
105
119
90
297
272
147
164
99
113
120
169
80
78
139
283
193
19
70
204
165
70
47
73
77
72
91
92
568
346
84
134
140
75
17
59
109
63
83
75
245
247
137
128
69
46
124
47
190
33
208
149
143
129
79
68
60
10
172
132
133
41
207
73
76
104
148
60
74
87
50
158
120
116
116
122
57
175
60
29
324
140
75
73
173
176
173
30
107
89
91
116
609
56
46
134
132
135
104
76
75
39
79
48
54
68
183
59
106
60
56
59
7
46
19
86
140
128
74
132
40
48
113
34
63
43
363
184
44
20
48
54
199
80
297
33
59
79
151
188
151
188
138
138
539
113
113
208
141
69
69
74
58
228
403
403
273
91
91
190
175
56
56
81
81
149
120
120
134
134
134
134
60
80
80
48
50
147
147
55
123
123
140
136
140
136
90
90
33
33
33
103
69
190
190
245
245
223
223
369
369
193
162
226
194
195
194
195
188
188
315
140
140
139
139
87
114
532
532
114
114
189
189
133
132
204
46
74
177
132
119
90
169
155
156
28
176
176
124
124
147
147
236
224
236
224
186
186
228
228
539
106
106
155
155
155
155
80
304
304
209
209
156
156
100
100
227
255
227
255
54
54
298
298
134
134
164
164
70
211
211
264
276
274
88
161
161
155
155
155
155
141
118
141
118
185
185
188
188
204
204
96
96
226
58
179
179
221
158
215
213
121
121
287
287
209
209
80
173
173
264
264
109
109
133
133
151
151
93
93
79
148
59
272
127
127
122
104
121
104
121
54
54
90
90
148
148
158
215
213
221
86
86
62
62
155
155
81
81
196
196
233
233
91
91
125
125
40
40
126
126
99
99
198
194
152
106
106
47
123
123
199
153
153
75
75
90
90
121
121
136
136
60
60
265
265
265
120
120
136
136
52
52
58
135
60
35
35
52
52
62
62
56
56
164
164
120
124
120
124
36
36
75
75
123
123
141
141
120
120
58
58
90
43
42
42
42
42
165
108
161
118
118
40
116
116
75
75
60
60
108
108
24
24
48
48
153
153
157
157
68
90
129
82
82
36
36
112
112
192
192
95
95
46
46
40
40
50
50
93
93
45
45
84
84
89
89
118
118
46
46
118
118
88
80
70
70
57
57
68
68
61
61
609
57
57
23
23
197
197
124
124
137
23
23
162
162
131
131
93
93
127
63
63
28
28
35
35
47
47
106
106
38
38
88
80
60
60
59
60
45
36
106
106
135
147
147
132
132
442
442
42
42
111
111
90
147
65
65
97
97
68
38
101
55
275
275
70
109
59
59
66
66
37
38
28
35
41
41
41
41
217
36
36
80
80
469
469
461
448
135
135
11
11
55
108
139
57
63
34
140
108
42
140
140
140
183
235
444
291
139
510
27
27
230
235
413
466
465
460
196
189
486
140
433
430
500
430
500
430
500
267
140
267
140
429
478
388
33
388
373
513
538
357
434
446
53
108
63
108
442
134
108
134
234
134
242
134
222
134
134
409
458
458
135
131
418
460
378
444
462
450
498
275
135
275
135
370
441
366
449
161
462
496
473
473
106
493
511
85
135
54
43
117
209
382
438
410
521
514
529
504
450
545
528
444
389
438
497
490
415
464
502
446
452
401
446
39
259
478
685
584
510
500
135
255
135
315
135
40
459
386
459
134
134
374
451
741
628
601
605
617
603
440
414
460
389
444
135
569
425
436
68
106
261
458
405
255
135
477
468
484
205
195
444
386
447
478
303
179
133
137
135
135
135
135
135
405
373
450
444
461
476
377
140
454
448
385
436
442
454
432
432
432
432
432
436
34
34
34
34
437
462
434
469
255
33
388
33
369
442
426
467
377
438
397
444
133
345
450
51
39
485
484
108
134
135
63
434
29
29
134
134
134
134
134
713
323
135
433
446
275
135
113
113
113
113
113
113
113
113
113
113
113
113
113
113
113
113
113
113
113
113
113
113
113
113
113
113
113
113
113
113
113
113
113
113
113
113
113
111
111
111
111
111
439
135
323
135
271
135
454
433
454
137
422
465
426
447
394
447
494
497
390
449
374
461
374
459
374
455
451
451
54
108
267
135
275
135
594
513
638
558
475
418
469
458
469
426
465
474
390
449
491
447
398
446
485
447
354
437
410
463
291
135
694
601
106
135
135
422
449
438
473
448
430
459
474
314
450
57
108
366
418
455
382
439
135
454
455
135
135
108
330
522
495
378
441
480
271
135
263
135
135
135
235
135
267
135
267
135
251
135
135
267
135
239
135
255
135
223
135
259
135
135
287
135
251
135
255
135
247
135
135
255
135
135
251
135
135
251
135
255
135
247
135
135
243
135
135
259
135
267
135
271
135
251
135
135
135
275
135
135
135
263
135
259
135
279
135
135
135
135
135
259
135
135
267
135
135
263
135
259
135
135
259
135
251
135
275
135
239
135
231
135
251
135
227
135
243
135
247
135
267
135
247
135
135
259
135
135
243
135
259
135
135
235
135
135
263
135
255
135
255
135
243
135
259
135
135
275
135
135
251
135
283
135
271
135
275
135
263
135
303
135
263
135
283
135
255
135
271
135
255
286
435
377
440
353
447
437
474
365
533
516
136
136
136
136
136
136
136
136
136
134
134
134
136
136
136
136
136
136
136
454
444
733
612
429
481
437
478
429
477
437
474
138
138
138
138
138
138
138
138
138
138
138
138
138
138
138
138
138
136
136
136
136
136
136
136
136
136
136
136
136
136
136
136
136
136
136
136
136
136
136
136
136
136
136
136
136
136
136
136
136
136
136
136
136
136
136
136
136
136
134
134
134
134
138
138
138
138
136
136
136
136
134
457
493
489
489
465
134
338
442
490
67
108
377
438
513
484
134
274
134
485
433
456
405
454
441
465
470
452
286
134
370
444
397
445
490
494
401
458
433
476
417
446
238
134
366
369
441
329
437
337
437
456
358
445
390
463
134
529
409
329
440
452
471
511
373
470
461
440
271
373
454
366
437
366
443
443
448
421
448
436
378
402
477
378
447
473
134
134
134
134
134
134
134
134
134
134
134
461
492
513
565
502
297
446
441
476
414
437
361
450
493
507
449
429
462
464
713
608
226
134
389
452
266
134
414
463
389
446
397
444
442
309
440
250
134
471
134
333
438
446
373
454
583
561
542
452
349
266
134
494
494
494
494
494
492
490
486
486
486
439
361
447
500
134
438
239
137
243
135
231
135
405
449
734
454
394
465
373
444
389
434
381
446
417
449
529
506
447
452
369
446
433
446
357
447
446
258
134
361
444
334
334
380
329
85
444
329
443
437
501
485
541
490
442
361
452
449
464
441
452
401
459
465
473
453
465
421
453
441
353
451
444
314
186
369
450
405
460
345
446
474
314
136
282
134
357
450
134
330
134
449
484
353
447
134
134
134
278
134
322
134
134
134
134
134
365
438
373
458
389
444
429
474
369
440
666
270
666
666
254
136
294
136
270
134
262
134
453
450
242
234
134
134
609
562
569
562
402
473
369
327
369
327
349
496
398
457
353
482
509
512
509
353
464
211
117
199
117
117
117
134
117
247
117
235
117
235
117
307
117
239
117
464
498
495
337
337
117
283
117
211
117
436
339
325
478
365
496
417
488
243
117
215
117
349
397
452
68
134
242
377
458
134
134
134
305
106
305
106
305
106
313
106
309
106
305
106
321
106
317
106
305
106
321
106
321
106
305
106
325
106
313
106
309
106
301
106
305
106
301
106
309
106
305
106
309
106
325
106
325
106
317
106
313
106
313
106
301
106
297
106
329
106
317
106
277
106
293
106
317
106
305
106
321
106
510
511
425
106
134
106
106
106
106
227
117
369
257
301
345
357
275
117
106
471
106
134
106
106
106
106
106
106
106
469
471
463
467
471
106
463
106
106
106
106
106
106
58
105
249
305
107
106
106
306
448
106
134
106
106
106
106
106
134
134
106
134
106
134
106
106
136
106
106
106
106
106
106
106
106
106
134
106
136
134
106
106
106
106
106
106
106
106
106
106
106
106
106
134
466
265
245
106
106
106
106
106
106
106
106
106
106
106
106
106
106
106
106
106
106
106
106
106
106
106
106
106
106
106
106
106
106
117
106
106
106
106
106
106
221
261
309
285
333
285
341
353
365
305
289
309
282
273
106
333
253
106
106
106
106
106
106
106
106
106
106
106
106
106
106
106
106
106
106
106
106
106
106
106
106
106
106
106
106
106
106
106
106
106
106
106
106
106
106
106
106
106
106
106
106
106
106
106
106
106
106
106
106
106
106
106
106
106
106
106
106
106
106
106
106
106
106
106
106
106
106
106
106
106
106
106
106
106
106
106
106
106
106
106
106
106
106
106
106
106
106
134
106
106
106
106
134
106
106
106
134
106
106
106
106
106
106
106
106
106
175
106
106
106
106
106
106
482
445
105
458
425
335
17
17
17
17
140
140
140
140
140
140
140
36
36
20
20
36
36
20
20
139
562
601
400
140
251
140
247
389
405
470
437
142
144
142
460
453
460
115
34
43
140
251
468
468
468
468
496
49
49
417
454
454
268
40
40
40
377
377
108
54
57
57
108
108
144
144
108
67
518
518
108
53
108
55
63
71
482
417
106
140
303
154
154
597
466
396
396
426
426
426
426
470
135
275
275
134
472
465
472
465
134
462
36
36
36
36
446
401
90
90
90
90
41
71
71
71
71
456
425
382
655
134
422
740
294
472
397
397
470
393
470
393
393
393
31
31
31
31
36
36
36
36
23
23
23
23
23
23
23
23
55
55
55
55
39
39
29
29
105
105
68
68
53
53
29
29
53
53
29
29
27
27
102
102
77
77
90
90
90
90
90
90
90
90
103
103
103
103
57
57
57
57
90
90
90
90
57
57
57
57
74
74
74
74
90
90
90
90
27
27
27
27
97
275
274
88
88
87
87
106
106
106
285
55
55
172
197
51
16
82
66
156
139
35
76
20
66
60
141
140
71
857
149
16
122
159
122
159
37
37
62
70
65
41
32
25
38
46
46
27
50
46
32
45
47
42
30
33
20
48
16
16
32
26
33
29
19
38
38
31
45
187
33
25
29
19
19
85
31
20
47
33
159
44
65
29
13
15
30
47
29
39
29
33
33
33
33
35
31
37
104
16
15
27
47
47
9
15
36
24
24
48
50
48
48
21
41
20
21
20
19
26
31
29
24
40
19
27
32
16
20
67
32
32
31
68
33
80
25
24
29
29
46
136
22
24
26
15
15
15
24
24
28
17
23
48
33
51
47
12
154
113
244
37
38
38
26
30
51
92
33
30
25
140
46
41
52
24
22
18
20
13
65
65
27
43
25
27
32
21
21
48
48
13
22
29
25
49
32
14
18
78
64
22
22
51
41
31
45
23
20
21
57
15
9
34
39
26
188
14
45
66
22
35
36
42
11
39
47
30
41
53
23
21
58
21
62
21
28
40
21
47
22
51
35
34
35
75
15
18
72
42
31
54
22
25
74
61
19
27
27
31
30
27
32
31
33
31
36
25
22
28
21
20
15
19
38
28
42
42
42
90
15
33
60
119
47
33
48
62
29
50
80
81
71
74
56
78
75
66
37
74
83
101
75
72
66
57
42
45
117
37
95
126
126
45
75
55
44
58
61
23
15
85
136
40
76
108
33
99
25
99
25
86
86
27
23
15
70
69
69
71
71
23
23
50
139
139
20
20
28
90
90
69
69
131
131
49
28
28
28
28
28
28
28
37
28
28
28
28
29
30
27
27
28
28
28
28
28
28
28
28
28
28
28
28
28
29
157
167
30
35
36
37
30
28
28
28
28
28
28
28
28
28
28
28
28
28
28
28
28
32
28
28
28
28
28
28
28
28
28
28
28
28
28
28
36
33
31
28
28
28
28
36
29
28
27
27
28
28
29
27
28
28
29
30
28
28
28
28
28
28
28
28
32
30
33
28
28
28
28
28
28
28
28
28
28
28
33
28
28
28
28
28
28
115
29
31
29
25
25
25
25
25
25
25
25
28
28
28
26
26
25
25
33
25
25
25
25
27
28
31
28
28
25
25
25
25
25
25
25
25
25
25
25
25
26
26
25
25
25
25
25
25
25
25
25
25
25
25
25
25
28
28
28
28
25
25
25
25
25
25
25
25
29
28
28
28
29
28
28
30
28
28
28
28
28
28
28
28
28
28
25
25
25
25
25
25
26
26
28
25
25
28
25
25
38
25
25
28
28
28
25
25
28
25
25
25
25
29
26
26
25
25
27
28
25
25
29
26
26
25
25
30
27
27
29
26
26
25
25
25
25
30
27
27
28
25
25
28
25
25
25
25
25
25
24
24
25
25
25
25
25
25
25
25
29
26
26
25
25
26
26
26
26
25
25
26
26
25
25
25
25
25
25
29
29
25
25
25
25
28
25
25
28
25
25
28
25
25
28
25
25
28
25
25
25
25
26
26
27
27
25
25
25
25
25
25
25
25
25
25
25
25
25
25
28
25
25
28
25
25
28
25
25
28
25
25
25
25
25
25
25
25
25
25
25
25
25
25
25
25
25
25
25
25
31
31
25
25
25
25
27
27
25
25
25
25
25
25
25
25
25
25
28
25
25
28
25
25
28
25
25
28
25
25
27
24
24
29
26
26
28
25
25
25
25
25
25
25
25
24
24
24
24
25
25
25
25
25
25
25
25
25
25
25
25
25
25
25
25
25
25
25
25
25
25
24
24
25
25
25
25
25
25
28
28
25
25
28
25
25
27
28
25
25
25
25
28
25
25
27
24
24
28
25
25
28
25
25
28
28
25
25
28
25
25
33
30
30
28
25
25
28
25
25
28
25
25
27
27
157
167
38
28
25
25
28
25
25
28
25
25
28
25
25
28
25
25
28
25
25
28
25
25
27
24
24
28
25
25
44
44
44
44
44
44
44
44
44
44
44
44
44
44
44
44
47
44
47
45
45
44
44
43
44
44
44
49
44
43
44
44
44
44
44
44
44
44
43
44
44
44
44
44
44
44
44
44
44
44
44
44
44
44
44
44
44
44
44
44
44
45
45
47
48
48
44
44
44
44
44
44
44
44
44
44
44
44
44
44
44
44
44
44
44
47
44
44
44
25
25
25
25
25
25
28
25
25
15
26
26
28
25
25
25
25
28
25
25
25
25
28
28
25
25
28
25
25
28
25
25
29
26
26
28
25
25
28
25
25
28
25
25
58
61
28
25
25
56
28
25
25
28
25
25
28
25
25
28
25
25
28
25
25
29
26
26
29
26
26
29
26
26
29
26
26
28
25
25
28
25
25
30
30
33
28
25
25
28
25
25
31
28
28
28
28
25
25
25
25
28
25
25
28
25
25
25
25
25
25
28
25
25
25
25
25
25
25
28
25
25
28
28
26
26
28
28
25
25
25
25
28
27
25
25
28
25
25
28
25
25
28
25
25
25
25
28
25
25
25
25
28
25
25
28
25
25
28
29
50
26
28
49
49
49
49
28
49
49
28
28
49
49
54
54
25
54
54
25
25
54
54
62
54
57
57
57
54
54
25
29
58
58
25
54
54
54
54
25
25
53
53
26
55
55
54
54
25
26
55
55
25
54
54
50
50
25
25
54
25
50
50
25
25
50
50
25
25
25
25
25
25
50
50
26
25
50
50
25
21
28
25
25
111
25
54
95
34
26
41
66
23
26
26
98
34
49
41
54
48
183
39
46
85
75
48
41
183
46
39
85
75
48
41
37
55
81
57
37
55
81
57
58
58
66
66
111
66
18
18
73
81
81
43
55
55
55
55
78
68
55
73
50
133
45
50
169
182
182
90
73
73
93
94
94
56
90
38
41
155
155
56
76
76
90
90
32
32
25
27
61
70
70
56
32
32
32
27
45
25
14
11
49
95
35
41
41
90
119
43
42
42
42
59
36
36
36
36
45
114
78
82
104
56
33
54
26
43
95
36
36
18
50
44
66
67
67
66
66
46
98
33
43
33
33
41
16
16
36
16
39
39
57
57
49
132
132
34
34
41
50
95
64
67
95
64
67
22
22
22
61
55
97
43
62
38
116
72
51
51
52
49
39
31
19
76
78
58
55
167
37
33
45
18
80
27
68
78
46
95
51
34
41
14
32
70
30
49
67
31
51
42
43
43
43
42
42
50
46
67
67
42
42
69
97
206
143
143
27
84
84
49
49
49
49
78
78
116
75
75
32
85
75
90
85
90
85
50
85
85
52
52
52
52
52
52
65
66
66
29
29
41
27
27
20
18
20
20
67
66
77
77
28
28
37
37
31
31
45
45
51
51
105
76
39
55
60
29
21
21
43
51
48
47
143
24
21
68
60
21
21
21
21
39
46
71
40
55
33
26
37
37
84
65
29
44
67
77
26
68
37
19
11
47
33
39
17
32
56
179
43
31
31
30
27
26
28
27
26
28
80
46
48
28
49
28
49
21
20
26
18
24
18
36
37
224
54
20
38
38
62
52
148
70
18
67
22
11
58
46
43
43
218
218
218
44
60
44
60
172
172
41
40
41
40
25
25
25
25
218
55
88
88
94
94
84
84
23
102
46
46
70
70
49
49
29
29
147
98
98
30
118
18
10
58
120
120
47
47
54
54
95
95
30
30
120
120
154
163
38
38
154
157
38
38
11
19
52
62
35
35
40
40
50
50
72
72
23
23
23
31
31
68
68
68
45
45
95
34
34
27
27
192
192
121
121
197
93
93
21
21
80
53
53
95
80
85
105
105
69
69
56
47
47
105
55
55
67
67
43
43
81
81
105
42
42
42
64
64
48
48
32
32
15
41
158
85
23
35
36
35
30
30
30
46
46
45
30
55
162
70
81
73
51
63
36
106
30
67
68
44
49
55
101
43
35
21
48
37
47
59
26
70
105
110
77
71
71
44
65
42
213
11
60
59
82
70
81
26
80
21
35
36
35
30
67
67
59
59
17
17
17
17
86
86
45
44
44
44
69
69
36
34
38
38
45
80
26
111
111
162
45
46
46
45
36
50
43
87
43
43
87
82
82
47
47
146
146
26
26
275
275
204
204
45
288
308
64
64
45
63
47
47
62
62
141
141
104
104
36
70
70
67
67
46
46
52
52
157
157
41
41
76
76
148
148
96
96
51
51
63
63
210
210
103
103
91
91
39
39
108
108
43
43
55
55
53
64
53
64
43
43
16
16
22
22
33
33
89
89
32
32
105
105
64
64
44
44
51
51
55
60
66
66
72
72
31
31
33
33
160
160
63
63
38
38
30
30
30
30
81
40
40
50
50
43
43
102
102
155
155
59
59
44
44
54
54
56
56
40
40
130
130
86
86
39
39
17
17
102
75
70
62
62
33
27
102
25
24
25
23
24
50
48
52
58
58
64
193
92
16
19
68
28
138
138
255
10
10
23
52
31
31
65
27
31
65
39
117
24
30
51
65
39
117
76
98
67
63
31
105
88
94
45
67
60
49
76
30
108
107
41
40
128
77
81
92
46
97
68
58
44
33
67
57
40
32
24
19
68
68
208
97
97
401
85
24
32
147
434
105
119
205
205
186
142
91
136
194
159
112
67
91
97
96
97
96
96
96
96
96
96
97
97
97
97
97
96
96
10
68
38
72
30
35
38
51
49
66
65
71
56
12
27
18
56
15
47
33
37
45
44
112
20
57
41
40
22
46
28
60
26
19
78
20
20
41
55
25
49
41
21
15
35
19
19
19
50
57
34
27
28
22
30
59
33
49
97
17
24
54
57
20
44
89
106
54
29
36
24
34
54
79
86
32
25
29
21
21
38
63
42
13
34
34
57
58
32
41
39
79
57
74
64
57
35
32
63
69
83
38
36
31
46
42
25
33
44
47
26
34
49
66
82
67
40
43
43
74
43
43
43
43
43
43
43
43
103
66
36
93
58
91
93
27
39
49
65
80
101
201
149
40
33
18
87
60
41
152
91
21
12
25
25
10
38
29
29
29
9
20
23
24
56
56
57
36
17
41
34
93
53
91
92
14
227
31
118
68
29
76
62
57
47
13
15
13
13
106
31
36
5
45
56
30
51
86
92
54
150
66
50
48
17
39
144
29
185
160
197
198
20
20
31
24
14
32
42
52
38
42
22
14
75
22
29
30
46
32
46
48
35
45
15
33
38
51
12
23
20
24
35
20
43
44
19
18
39
33
22
50
29
62
29
42
43
22
55
31
38
38
38
38
74
67
61
27
28
36
41
30
53
63
42
34
51
29
45
56
36
30
26
7
45
14
36
49
26
48
30
349
29
32
36
57
35
26
24
23
84
25
26
68
34
37
39
39
39
36
19
60
50
39
45
28
62
43
103
91
103
32
27
27
52
28
28
49
118
22
30
55
171
166
64
40
31
17
36
27
21
62
13
57
16
20
24
16
20
24
70
39
25
35
106
81
87
41
21
68
30
33
38
25
25
32
145
100
22
29
92
19
31
33
75
62
59
41
35
52
16
51
71
51
30
18
9
53
48
108
29
37
29
37
29
37
29
37
29
37
29
37
41
30
20
34
9
25
29
36
57
21
26
30
33
29
37
106
65
65
64
66
67
70
69
64
64
68
65
65
68
68
68
64
65
68
69
66
64
69
69
69
68
65
16
88
23
18
120
14
67
19
36
50
63
9
52
53
53
75
34
31
56
99
71
122
36
173
19
149
16
91
14
26
105
27
91
25
18
35
15
41
33
7
31
15
15
15
15
15
15
15
15
15
15
23
15
15
15
15
93
22
27
73
11
19
46
185
74
46
18
25
24
26
15
15
50
74
35
47
31
24
40
35
72
60
110
64
27
69
61
38
11
59
44
26
112
22
34
11
50
86
29
21
18
39
32
97
95
55
18
36
32
37
10
23
53
36
62
15
34
27
34
15
78
25
20
45
20
18
23
28
34
26
21
82
17
60
33
21
21
16
88
89
77
18
28
32
38
60
34
53
25
30
20
13
120
120
120
120
30
50
53
34
33
41
29
29
58
34
203
28
31
43
60
23
89
92
80
76
42
34
34
92
53
85
46
28
23
29
102
37
44
26
41
53
29
49
57
125
28
69
38
78
33
8
39
48
36
46
146
14
40
40
42
42
28
40
26
26
33
26
66
37
16
31
54
52
14
32
21
23
27
26
34
36
99
38
41
15
32
65
47
43
53
42
69
38
33
33
76
39
41
24
29
29
42
42
32
40
78
50
75
42
25
45
45
15
37
34
34
39
44
45
39
39
39
36
38
40
39
35
35
37
36
57
40
37
36
43
37
32
30
30
22
28
25
12
39
48
48
49
49
24
42
49
42
18
29
30
39
21
21
55
27
21
20
29
28
81
73
31
62
62
27
19
19
19
19
19
19
19
96
78
80
80
80
80
26
31
35
29
37
38
37
38
39
41
41
61
28
22
34
39
31
36
29
28
37
62
29
24
25
41
27
28
55
50
53
27
26
32
26
27
27
27
29
28
29
58
72
87
41
29
32
30
33
43
24
34
46
35
24
31
21
34
58
78
61
132
28
22
53
62
64
176
23
28
39
46
37
142
36
34
36
93
66
34
20
110
64
33
43
38
106
106
106
106
106
106
187
215
45
44
17
32
41
25
75
62
39
61
57
41
17
24
13
18
61
56
50
41
33
10
26
20
86
26
27
26
26
26
26
26
26
19
32
47
37
64
50
136
50
54
47
48
75
53
62
34
42
44
47
120
40
70
94
51
26
36
44
32
45
50
54
50
66
52
41
62
38
89
75
39
36
30
50
38
52
37
54
38
34
42
32
22
32
30
49
65
34
49
83
37
58
39
35
21
47
121
41
45
41
19
52
59
59
87
53
23
34
27
42
94
35
40
65
43
50
39
44
50
47
40
42
45
41
36
47
45
43
44
38
46
49
92
36
44
38
32
85
38
37
36
18
18
62
62
34
22
64
64
41
49
49
28
33
27
49
53
56
56
53
49
18
32
32
122
128
162
255
348
366
237
77
68
65
57
57
73
71
89
70
61
65
98
78
96
129
129
32
11
45
39
81
53
135
36
30
91
91
46
26
26
40
22
37
9
46
8
9
8
46
8
9
8
46
8
9
8
46
8
9
8
9
8
46
8
9
8
46
8
9
8
46
8
9
8
46
8
9
8
46
8
9
8
46
8
9
8
46
8
9
8
46
8
46
8
9
8
46
8
9
8
46
8
9
8
46
8
9
8
46
8
9
8
46
8
9
8
46
8
9
8
46
8
9
8
10
9
46
9
10
9
46
9
10
9
46
9
10
9
46
9
10
9
46
9
10
9
46
9
10
9
46
9
10
9
46
9
10
9
46
9
10
9
46
9
10
9
46
9
10
9
46
9
9
46
9
9
46
9
46
46
10
46
10
46
10
46
10
46
10
46
10
46
46
10
10
46
46
10
10
46
46
10
10
10
46
10
46
10
46
10
46
10
46
10
46
46
10
46
10
46
10
46
10
46
10
46
10
46
10
46
10
46
10
46
10
25
25
96
96
33
32
32
32
33
29
32
33
29
15
32
33
46
10
46
10
46
10
46
10
46
9
46
10
9
46
46
9
46
10
9
46
46
9
46
10
10
34
46
25
220
37
31
42
66
88
38
29
29
31
33
31
33
32
140
149
34
39
47
45
41
57
17
17
106
30
99
134
63
10
9
34
88
58
18
64
57
91
68
41
90
46
61
142
30
74
52
82
42
84
70
65
44
40
39
117
82
58
13
69
58
14
9
73
52
22
51
38
28
58
56
10
10
47
46
47
10
10
46
46
10
10
46
46
10
46
10
46
10
10
46
46
10
10
46
46
10
21
46
21
51
29
107
10
47
46
47
10
10
46
46
10
10
46
46
10
46
46
10
10
46
46
10
10
46
46
10
21
46
21
32
29
51
29
27
32
51
46
46
9
46
46
32
10
46
10
51
55
51
32
29
33
32
32
32
28
51
51
32
32
33
29
33
32
32
32
33
29
29
29
33
29
29
29
33
29
29
29
33
29
33
29
29
33
29
29
28
28
10
9
29
9
33
29
10
9
46
9
10
9
46
9
10
9
46
9
10
9
46
9
10
9
46
9
10
9
46
9
10
9
46
9
10
9
46
9
10
46
10
46
10
46
10
46
10
46
10
46
10
46
10
46
10
46
10
46
10
46
10
46
10
46
10
10
51
46
51
10
47
46
47
10
51
46
51
10
47
46
47
10
51
46
51
10
47
46
47
9
9
41
9
41
9
41
9
41
64
64
64
64
64
64
64
73
34
141
150
57
28
49
53
53
26
25
76
34
103
105
105
105
64
98
98
100
142
65
65
47
52
171
134
155
39
234
62
155
44
31
20
75
14
31
79
84
42
98
61
134
78
150
215
95
57
61
61
82
70
31
26
30
53
39
66
41
38
50
58
82
129
19
39
40
25
125
23
113
113
113
113
281
71
71
32
32
34
34
77
77
38
38
40
40
146
213
36
33
97
121
83
83
64
33
21
21
44
13
29
23
24
49
54
55
56
56
19
103
103
103
23
52
109
10
27
27
28
28
28
28
22
28
28
27
28
30
30
28
28
28
27
28
24
28
20
35
27
30
25
24
27
28
28
28
27
27
30
29
28
29
17
28
31
34
22
28
47
63
27
28
24
43
25
210
20
20
24
15
28
36
28
16
28
28
23
17
23
26
27
23
23
10
13
24
17
17
23
18
17
18
21
25
25
17
17
22
30
130
24
39
26
18
26
24
35
42
52
53
29
50
52
31
57
29
72
33
41
32
55
31
22
52
24
23
24
23
26
25
24
34
27
25
22
31
23
25
22
23
21
33
26
29
26
30
24
25
27
26
25
51
16
28
28
16
16
21
20
21
21
21
21
21
21
21
22
21
21
29
21
91
24
24
26
61
53
61
105
99
429
474
36
20
17
22
70
83
58
32
65
56
45
65
33
36
50
43
56
26
36
56
73
20
20
40
24
28
20
20
36
20
24
20
28
20
48
45
48
45
48
17
40
43
62
60
92
37
42
40
82
29
23
29
27
67
35
40
36
34
233
37
37
20
35
44
62
81
32
22
90
60
81
32
32
63
35
36
36
50
50
59
59
37
37
62
30
36
36
30
30
37
37
62
30
66
26
30
30
37
37
31
31
31
31
45
74
54
54
25
25
32
32
57
60
33
33
47
76
56
56
27
34
34
59
27
32
32
58
54
33
71
47
59
59
59
27
31
31
41
19
21
90
90
17
17
23
23
58
58
17
17
23
23
104
104
17
17
23
23
24
24
41
60
41
60
49
49
42
42
28
35
44
60
67
20
40
36
27
27
38
60
41
38
35
62
34
81
233
58
57
59
71
66
59
63
62
62
35
27
30
30
27
54
81
26
32
22
60
27
90
19
21
33
60
47
28
44
24
69
31
31
57
59
50
67
38
42
394
77
400
47
79
157
58
248
24
48
57
50
59
67
38
394
42
400
47
77
79
157
248
58
48
24
56
25
56
25
51
59
42
62
37
35
40
49
37
46
37
51
51
40
45
45
47
47
73
52
41
39
35
41
45
53
67
46
46
45
40
40
41
48
42
46
39
47
89
60
52
45
36
42
42
37
51
37
36
35
28
54
92
43
34
41
38
43
62
45
44
44
43
44
44
44
47
44
43
65
50
38
37
34
53
40
57
37
48
37
43
44
49
44
63
42
51
41
42
34
129
22
41
106
35
35
25
52
34
69
54
25
36
48
62
39
55
55
42
66
32
44
40
38
33
42
19
36
40
42
65
45
48
47
43
34
27
73
48
44
45
49
41
45
67
44
47
41
49
41
43
43
43
39
62
78
53
43
45
45
54
42
34
34
48
39
39
49
88
48
45
46
40
51
35
41
44
49
41
45
40
50
61
42
65
65
30
38
47
47
34
75
52
38
39
30
45
38
43
50
44
44
45
35
207
48
37
37
39
39
43
45
46
42
42
74
47
47
51
47
34
45
45
37
44
106
50
48
46
29
28
25
49
11
25
26
55
58
42
42
48
56
65
47
38
75
97
49
30
60
43
42
22
15
36
53
47
47
62
81
44
43
199
33
82
16
54
20
20
167
93
56
39
17
80
45
82
24
55
36
28
87
36
19
51
48
44
48
25
22
21
33
28
37
23
31
81
23
23
43
22
32
23
25
45
92
78
40
38
43
10
231
31
87
93
60
27
85
85
24
52
20
23
62
28
30
18
59
59
61
60
59
59
59
59
54
58
60
11
11
49
52
54
9
133
32
56
75
45
52
23
23
11
37
29
74
15
43
12
13
13
42
33
47
15
22
22
63
36
36
36
26
31
72
66
44
50
30
39
16
45
38
68
60
80
50
49
35
71
18
39
31
19
24
22
35
72
500
74
502
74
502
74
502
74
502
24
30
16
17
19
22
42
46
47
57
26
22
20
57
68
55
20
20
19
22
38
37
29
50
42
42
53
103
22
45
51
47
69
25
22
25
49
35
49
62
22
17
19
34
39
21
157
24
55
75
52
56
29
29
98
67
86
22
160
160
125
125
59
58
45
104
34
61
111
68
69
123
277
9
57
25
30
30
49
99
172
168
50
41
82
32
85
67
87
18
48
66
69
74
92
72
34
57
52
45
29
72
75
50
54
47
66
23
23
83
36
68
31
56
102
161
48
15
29
28
44
32
35
28
93
280
219
259
219
255
37
45
67
76
30
86
44
44
45
98
47
47
47
83
40
24
45
21
270
225
270
43
27
23
23
23
280
111
106
106
106
216
229
266
221
331
331
331
326
331
326
426
326
435
331
331
331
430
331
331
221
326
426
221
426
326
221
636
435
331
221
221
324
221
263
324
221
221
268
221
266
221
266
229
48
229
48
48
48
48
48
48
48
48
48
48
48
324
324
324
324
221
221
221
221
221
221
221
221
221
221
324
221
221
324
324
221
221
324
324
221
221
221
221
221
221
221
221
221
221
324
324
221
221
221
221
221
221
221
221
324
331
221
221
331
221
331
221
221
430
324
324
364
344
221
324
221
221
324
221
331
221
326
324
263
221
221
221
324
253
426
336
324
426
221
324
324
426
221
221
221
221
221
221
221
221
221
221
221
221
426
324
324
221
324
221
221
221
221
324
530
329
636
268
221
324
324
221
221
221
221
326
324
324
221
223
221
221
221
221
221
221
221
221
221
221
221
331
221
324
324
221
221
221
221
221
221
221
221
221
221
221
221
432
433
221
221
221
221
221
48
221
48
74
78
77
188
267
239
239
239
233
223
221
221
221
270
223
233
225
215
215
221
240
227
225
300
239
479
221
86
253
110
90
253
284
303
281
500
355
281
48
303
221
64
223
223
55
479
48
303
355
389
221
479
571
100
30
32
50
92
30
45
45
56
32
32
57
57
34
34
71
71
71
71
69
26
19
16
29
26
80
26
165
31
39
26
48
29
59
247
70
44
47
47
49
35
54
31
43
37
34
30
107
150
38
84
28
39
59
18
32
23
86
37
40
54
19
21
46
74
75
38
51
44
134
43
20
17
15
48
26
268
31
30
53
53
56
42
40
26
21
207
459
43
136
59
18
18
19
18
20
19
18
17
18
17
21
21
39
40
44
34
34
38
36
76
59
69
22
48
80
23
36
33
33
14
59
51
19
47
39
58
37
31
45
46
48
46
45
68
221
37
38
67
27
29
28
28
43
46
79
54
68
26
41
34
46
41
59
32
69
54
35
131
38
38
15
56
56
44
36
23
47
22
54
28
38
60
33
23
23
11
56
75
40
12
48
48
84
25
34
35
13
17
54
19
80
80
29
29
34
36
52
70
70
17
17
74
78
17
39
31
43
43
43
48
48
80
46
39
30
49
26
59
51
73
39
23
23
43
62
37
131
20
59
75
64
107
68
56
58
142
38
34
30
30
31
66
68
48
55
55
58
67
27
20
45
19
92
33
31
17
17
94
76
162
118
118
81
81
79
79
67
60
40
17
97
99
41
13
82
15
177
60
61
60
61
60
65
62
61
25
56
105
60
60
60
60
28
64
74
33
58
19
55
53
63
62
29
19
104
32
22
21
38
114
22
26
62
27
41
27
67
43
43
43
43
48
48
48
48
40
234
234
47
27
23
89
88
85
275
76
57
75
85
38
145
145
26
26
34
34
34
34
28
28
84
33
25
29
133
133
52
133
133
53
133
53
133
52
53
53
52
53
53
242
244
79
70
61
246
243
245
244
243
245
244
125
61
61
61
91
52
46
64
330
48
66
66
66
54
54
133
133
127
70
31
63
34
189
42
43
41
9
32
128
71
71
119
126
43
60
40
26
56
36
62
17
45
32
25
22
34
35
27
49
49
49
102
39
32
192
64
51
40
88
64
282
146
282
282
112
108
28
93
187
146
146
51
51
42
33
58
58
39
13
19
179
58
57
70
49
49
49
49
66
54
57
59
32
30
28
28
45
27
33
63
44
40
44
29
29
65
48
44
44
59
28
59
38
68
70
72
81
75
27
27
25
38
87
68
89
94
28
33
92
42
38
42
38
54
53
72
45
29
11
32
26
37
29
30
32
39
27
26
26
32
77
23
131
18
120
40
63
70
51
85
70
77
65
31
47
122
111
123
71
68
25
25
38
100
99
94
97
95
85
91
153
84
256
49
37
27
40
40
30
48
17
41
49
88
24
43
57
28
60
41
43
201
201
201
201
201
201
201
201
201
201
201
201
201
201
201
201
201
201
201
201
201
201
84
38
52
27
24
17
41
34
44
44
28
29
32
40
28
30
28
18
35
35
44
44
62
56
99
26
37
45
39
70
22
25
71
71
34
31
118
118
57
23
58
39
84
84
52
52
57
36
38
42
25
55
32
33
30
70
52
38
24
40
106
46
98
13
69
49
47
49
50
39
52
75
41
75
52
54
51
22
24
21
87
25
42
50
26
28
66
39
45
24
30
28
28
32
31
30
25
49
49
30
26
67
59
56
12
20
28
47
46
34
92
99
25
44
29
82
27
49
42
20
37
36
32
21
21
67
70
70
70
70
70
70
70
70
63
29
83
36
58
33
76
62
31
31
32
19
28
165
21
84
38
35
18
80
74
63
29
90
91
60
96
217
100
13
14
79
35
75
63
32
72
82
68
91
43
108
37
34
32
68
37
23
59
16
66
42
58
41
64
43
21
61
61
25
60
31
58
40
20
58
61
69
65
72
75
51
67
69
44
44
56
44
125
69
61
61
62
118
27
52
50
55
55
55
54
58
98
51
47
121
44
44
43
43
41
31
38
117
53
145
47
47
37
63
33
59
43
58
30
55
33
67
84
104
69
69
77
77
30
30
41
57
34
23
21
52
51
73
58
44
30
89
53
30
58
35
60
38
84
35
45
58
82
82
34
34
116
34
86
105
54
103
87
51
49
51
86
44
68
62
56
64
21
19
19
83
84
42
11
20
68
69
39
40
125
124
72
71
18
53
49
36
49
36
34
34
45
62
51
36
36
63
19
31
40
23
45
51
73
73
73
59
58
52
37
29
31
31
34
46
25
43
34
56
73
26
26
26
33
47
43
89
36
36
58
27
68
67
145
92
62
45
34
93
34
64
34
32
62
77
67
62
56
54
73
52
33
20
20
76
92
71
71
34
52
47
65
27
58
34
62
56
73
30
52
27
32
31
49
92
71
63
63
87
124
74
29
124
72
52
51
65
130
119
83
49
91
124
113
75
36
28
20
71
28
74
68
41
72
65
45
62
42
43
36
51
34
60
56
59
101
61
63
75
67
60
52
29
62
64
83
121
95
74
82
65
50
79
67
59
36
21
71
47
27
41
60
57
34
101
75
28
50
71
67
40
64
56
33
53
69
100
67
98
90
63
65
57
34
65
57
34
65
65
64
56
33
65
57
34
66
58
35
33
25
44
55
41
32
66
19
41
25
25
72
33
25
42
20
94
67
75
50
75
50
74
35
27
28
50
66
20
42
40
64
42
89
115
72
83
48
36
77
42
30
19
37
60
68
35
35
70
62
39
66
58
35
73
34
26
60
52
29
57
54
60
60
66
53
52
52
61
53
30
107
81
34
56
84
79
82
77
81
54
34
81
54
34
83
60
74
41
27
107
75
68
83
66
22
22
51
27
66
35
74
71
32
24
41
34
68
123
123
119
119
31
71
32
54
83
56
36
33
88
49
41
28
61
53
30
130
130
63
55
32
28
42
47
37
41
38
39
50
38
62
54
31
26
32
26
34
67
64
31
88
51
77
55
114
140
54
60
60
32
71
71
71
30
30
30
30
30
30
27
76
101
73
72
62
124
72
52
63
27
97
65
57
44
30
30
30
30
66
61
102
103
38
44
93
31
60
51
28
54
38
61
31
60
75
67
44
42
61
54
39
71
54
34
93
85
75
40
36
59
67
34
23
55
36
35
33
33
25
33
31
30
57
88
80
36
59
67
36
61
53
30
74
30
33
86
86
74
26
58
21
30
53
61
22
54
31
29
52
60
28
60
22
54
37
36
59
67
30
53
61
32
32
42
30
96
25
57
112
80
118
86
74
105
73
106
107
75
29
27
57
34
143
115
31
63
41
29
26
90
27
41
19
66
92
68
60
43
94
47
75
95
69
22
44
33
64
26
33
146
31
57
34
57
65
42
23
67
93
103
125
52
52
55
26
20
52
26
58
128
124
148
136
29
111
99
28
60
91
19
51
21
19
109
97
26
58
33
25
55
39
83
46
49
79
74
76
80
73
74
78
76
70
32
45
33
35
58
66
35
44
60
69
37
108
120
43
36
68
28
54
72
107
75
104
33
65
28
38
58
98
90
96
25
57
81
30
22
130
38
26
107
32
54
73
70
70
108
137
114
20
52
50
36
28
43
35
53
45
69
24
109
42
20
67
93
55
96
99
104
104
85
85
53
53
121
64
28
29
61
22
22
45
60
163
30
57
52
58
75
90
19
51
56
24
95
27
133
63
31
43
99
28
60
38
81
164
152
113
109
97
26
58
33
80
45
22
56
40
45
34
39
36
22
17
20
91
51
52
62
60
58
55
61
52
50
52
49
55
56
57
52
62
60
58
55
61
52
50
52
49
55
56
57
55
55
55
90
69
54
31
47
33
104
65
61
72
23
55
77
149
110
75
74
89
54
92
21
53
91
20
52
95
96
25
57
60
149
70
79
52
58
66
35
105
34
57
53
30
62
71
105
34
57
94
23
55
26
38
73
55
57
44
115
76
30
30
46
24
71
97
101
79
126
152
57
35
82
108
46
24
71
97
402
380
427
453
36
41
67
27
106
118
88
104
28
86
28
24
58
90
105
55
99
111
91
65
57
34
29
65
57
80
159
56
75
103
62
61
93
65
97
26
58
29
86
54
66
119
113
48
62
41
104
94
62
97
65
97
65
92
60
93
61
98
66
154
122
134
102
57
30
53
61
47
98
246
213
34
57
65
67
59
36
63
68
32
55
63
32
28
28
34
34
57
65
92
28
53
30
28
65
57
34
74
39
71
74
109
88
32
64
78
82
67
76
80
86
54
68
72
71
149
117
93
132
82
97
26
58
66
24
70
57
34
60
102
90
19
51
91
52
20
103
66
34
66
110
113
39
62
19
102
90
51
64
59
130
91
34
57
60
92
21
53
94
23
55
96
34
57
46
44
66
58
35
32
30
30
31
48
71
79
68
68
66
85
34
57
65
70
32
68
68
65
68
48
48
90
95
29
59
32
79
105
56
88
67
72
51
22
144
104
183
38
61
20
28
63
57
55
61
53
30
110
98
27
59
64
56
33
94
43
57
25
96
108
92
60
142
46
85
53
55
74
45
27
95
24
56
114
498
22
24
69
98
108
94
60
131
83
39
36
110
96
43
81
29
100
61
26
58
105
34
66
61
35
58
106
22
61
53
30
23
67
48
42
31
54
62
101
60
89
34
32
42
67
48
85
59
23
92
60
94
63
68
62
79
103
138
70
91
90
58
95
63
46
75
69
127
142
64
64
115
120
63
46
94
62
69
91
59
94
62
81
67
138
63
53
24
24
46
110
29
74
62
15
96
108
68
115
113
61
119
111
68
65
108
29
65
37
65
57
34
55
62
73
26
71
87
49
42
49
42
36
58
26
97
109
57
34
65
27
23
45
81
129
84
47
40
49
42
56
56
54
86
56
88
30
55
87
68
59
91
58
90
60
92
64
135
116
115
117
117
58
35
69
46
28
75
42
57
34
65
90
58
110
62
59
32
116
86
56
33
104
107
86
72
49
120
123
86
116
60
67
65
54
86
92
60
61
32
48
62
58
35
66
65
34
57
58
90
99
150
72
76
69
87
59
98
63
87
23
86
92
53
21
92
104
52
20
91
103
30
53
61
34
57
65
36
59
67
54
63
40
111
114
48
48
106
35
109
58
123
118
98
56
20
103
71
44
122
63
95
61
38
109
112
53
30
66
108
57
34
65
67
61
25
103
181
94
37
61
114
41
77
119
82
126
115
68
40
109
143
152
94
112
116
34
114
106
151
63
32
68
30
22
60
52
54
57
25
96
70
39
62
53
98
35
101
45
45
102
152
45
62
117
108
74
131
125
39
53
30
35
82
47
60
78
102
154
62
89
58
90
53
30
61
41
28
78
138
215
61
102
144
62
101
193
66
88
56
57
89
57
89
57
60
34
33
56
64
150
79
62
54
86
72
64
62
64
42
63
146
59
36
57
34
95
30
53
61
39
62
70
65
146
67
118
118
123
40
29
27
29
102
108
129
140
60
92
102
126
106
104
113
104
111
239
200
93
69
116
92
129
72
35
33
51
107
68
101
45
72
45
67
122
31
32
74
125
95
111
166
80
113
62
59
28
120
53
30
29
27
63
55
32
30
116
61
55
56
87
142
76
34
68
72
141
81
61
116
30
93
90
58
75
87
118
32
63
65
104
118
204
149
51
82
96
148
47
78
133
145
66
107
103
158
62
148
72
93
156
104
128
95
128
119
62
114
65
119
98
100
31
31
195
71
32
79
44
133
25
151
30
115
35
70
124
64
29
118
116
109
29
38
26
26
38
64
70
127
122
87
85
84
84
130
64
121
116
64
135
116
95
69
21
55
57
58
115
110
72
55
141
123
36
36
104
114
57
130
40
47
62
69
62
69
62
112
104
121
117
33
67
64
30
64
61
61
95
92
119
114
141
99
76
91
183
68
71
137
118
66
115
58
110
118
113
61
115
58
110
116
59
111
132
75
127
34
32
75
41
71
72
58
115
110
62
30
109
120
30
120
109
67
70
65
65
74
37
67
109
34
71
68
80
120
60
29
111
115
115
33
64
119
56
25
111
107
59
28
114
110
60
115
111
25
62
31
117
113
59
28
114
110
56
25
111
107
113
62
45
131
64
33
119
115
189
28
228
104
104
53
98
111
25
107
56
62
31
113
117
155
56
82
87
220
146
110
115
61
40
64
47
133
115
51
27
58
61
42
70
62
57
66
31
117
113
64
90
64
28
94
56
56
37
37
58
58
84
84
28
26
50
74
71
49
75
114
68
34
65
132
65
109
150
83
61
83
123
83
123
83
123
155
27
63
89
67
93
29
60
111
115
65
122
117
61
118
113
59
116
111
60
117
112
36
36
63
89
94
164
63
85
64
121
116
64
121
116
67
93
115
13
62
61
107
93
58
58
93
30
61
64
59
54
65
26
34
47
92
20
60
66
89
62
65
86
25
107
111
56
33
63
89
166
62
119
114
82
26
26
154
128
59
111
100
98
72
64
74
65
30
29
63
29
60
70
39
73
61
62
64
66
64
61
61
118
113
61
118
113
66
90
91
68
159
78
77
133
62
61
24
74
67
160
125
96
129
111
113
27
58
109
162
68
142
120
29
124
66
117
31
125
108
57
58
110
115
55
55
59
113
24
120
31
66
30
38
131
110
178
30
61
116
112
46
114
63
132
49
68
37
123
119
79
59
28
114
110
58
24
110
106
43
63
64
61
30
120
67
61
30
112
116
108
112
48
182
130
72
37
123
32
32
115
136
65
117
122
111
120
101
156
70
152
61
43
71
29
115
60
111
82
132
149
99
116
126
39
89
53
121
116
62
114
119
125
144
127
83
80
118
85
54
80
80
58
93
65
61
119
26
112
30
64
61
95
23
182
182
36
122
67
118
56
116
187
168
211
300
159
75
115
120
139
68
112
116
30
61
164
68
64
121
116
223
141
58
196
89
144
71
43
77
74
76
73
42
34
68
71
70
61
116
30
112
61
30
116
127
34
71
68
110
247
162
34
68
65
76
98
95
64
150
146
139
121
64
133
128
57
26
108
112
57
26
112
108
71
64
57
70
67
71
71
32
130
44
47
47
122
118
119
41
69
34
19
64
61
41
62
109
113
61
32
49
65
87
64
91
63
94
103
131
60
25
114
107
68
95
34
68
65
50
50
60
60
98
65
62
116
148
62
65
148
116
65
30
119
112
25
93
68
71
34
56
25
111
107
140
57
49
73
112
61
110
110
121
121
62
109
27
116
33
32
66
63
61
26
115
108
26
70
127
122
62
119
114
91
143
192
60
111
43
132
32
66
63
30
32
45
45
45
78
43
97
44
44
26
27
60
25
107
114
87
94
100
72
99
62
27
116
109
74
28
48
35
82
50
59
130
199
94
49
61
26
115
108
64
121
116
88
116
64
29
118
111
63
28
117
110
183
134
34
68
71
63
91
98
102
103
60
25
114
107
95
67
124
119
33
67
64
201
116
81
170
163
68
139
120
46
80
77
77
46
80
76
41
130
123
26
38
155
158
61
65
30
119
112
61
61
64
121
116
74
145
126
64
29
118
111
60
117
112
61
26
38
58
23
112
105
68
139
120
66
61
140
61
74
61
26
38
26
38
26
38
68
125
120
26
38
142
26
38
26
38
26
38
61
34
58
59
29
63
60
71
67
46
135
114
67
138
119
68
35
124
115
31
65
62
61
118
113
29
63
60
32
30
147
147
59
24
113
106
28
62
59
37
71
68
118
189
170
61
48
71
30
30
64
61
75
40
129
122
110
64
121
116
116
158
129
61
61
160
136
112
73
42
88
52
89
47
100
171
152
61
197
46
51
83
210
135
61
50
133
128
76
69
158
123
36
59
64
61
104
199
148
78
128
61
64
41
104
69
158
151
57
79
61
121
192
173
30
64
61
121
86
175
168
28
49
115
108
72
45
118
125
125
118
37
124
61
78
61
26
115
108
66
31
120
113
63
110
28
117
128
135
46
81
130
137
48
83
41
67
61
43
80
59
116
111
66
123
118
80
21
19
105
71
102
134
141
52
87
61
61
26
80
38
86
69
26
50
51
151
61
26
115
108
26
38
79
66
155
126
70
63
152
117
72
26
38
74
102
130
37
71
68
63
42
131
60
25
72
146
60
25
114
107
131
110
64
121
116
63
214
60
29
76
147
128
60
25
114
107
55
28
118
128
185
59
24
113
106
30
70
98
109
94
75
68
157
122
117
195
69
97
21
33
65
30
119
112
61
95
92
41
75
72
76
133
128
76
133
128
37
87
56
65
220
93
66
125
68
120
64
135
116
61
89
46
80
77
59
116
111
71
93
66
94
61
61
89
95
64
193
142
30
64
61
30
64
61
69
34
123
116
59
116
111
34
68
71
84
63
120
115
70
34
68
71
61
118
113
71
80
58
164
47
100
115
115
63
28
117
110
114
87
101
69
27
82
109
30
25
51
26
50
68
65
100
101
79
44
133
126
55
49
63
57
84
62
61
47
65
59
73
45
63
58
65
92
133
126
44
79
96
212
212
34
115
110
95
68
90
122
115
68
33
115
136
47
68
107
114
25
60
75
130
126
44
47
45
35
23
45
38
65
68
34
119
124
67
116
121
64
136
82
171
89
43
132
139
50
85
154
71
46
54
99
136
143
54
89
115
140
47
68
60
63
29
117
112
60
65
31
66
121
117
35
108
115
26
61
92
64
140
51
72
135
151
83
41
16
27
34
29
46
27
39
16
48
62
54
40
59
29
113
18
33
45
27
27
41
45
19
110
142
31
40
21
17
17
13
19
29
38
75