17
66
17
17
17
27
17
15
24
27
32
40
40
38
22
19
17
30
24
19
28
43
15
27
63
24
39
27
47
58
26
115
17
16
27
28
33
22
22
30
27
23
17
28
21
22
26
20
13
13
28
34
23
23
21
74
12
23
22
31
24
56
59
18
21
33
29
92
24
25
24
27
30
31
23
52
21
21
21
29
12
35
28
27
28
27
27
72
26
39
10
10
30
23
26
21
20
21
21
21
23
26
18
16
16
27
39
32
30
28
28
50
29
67
21
19
20
20
502
74
502
74
502
74
502
74
500
72
25
37
37
26
19
16
21
21
27
30
23
17
28
30
28
28
28
30
9
9
28
22
28
28
46
46
10
46
29
26
20
16
29
28
27
27
26
29
26
30
24
25
27
26
50
26
28
28
32
32
32
28
29
9
49
62
49
35
28
17
18
17
18
19
20
18
19
18
18
29
38
28
32
571
46
33
31
59
49
49
479
221
389
355
303
48
479
55
223
64
223
221
303
48
281
355
500
281
223
303
284
253
90
110
253
86
221
11
35
22
41
21
25
479
239
300
225
227
240
221
215
215
225
233
270
221
221
221
223
233
239
239
239
267
188
77
78
74
25
30
31
32
34
49
54
48
221
48
221
221
221
221
221
433
432
221
221
221
221
221
221
221
221
221
221
221
221
324
324
221
331
221
221
221
221
221
221
221
221
221
221
221
223
221
324
324
326
221
221
221
221
324
324
221
268
329
324
221
221
221
221
324
221
324
324
426
221
221
221
221
221
221
221
221
221
221
221
221
426
324
324
221
324
253
324
221
221
221
263
324
326
221
331
221
324
221
324
221
344
364
324
324
430
221
221
331
221
221
331
48
48
48
48
48
48
48
48
48
48
48
229
48
229
266
221
266
221
268
221
221
324
263
221
324
221
221
331
435
326
426
326
331
326
331
266
229
636
530
426
336
426
221
331
221
324
221
221
221
221
221
221
221
221
324
324
221
221
221
221
221
221
221
221
221
221
324
324
221
221
324
324
221
221
324
221
221
221
221
221
221
221
221
221
221
324
324
324
324
331
435
636
221
326
426
221
426
326
221
331
331
430
331
331
331
331
221
22
9
41
41
9
41
41
130
24
105
9
8
46
8
9
8
46
8
9
8
46
8
9
8
46
8
9
8
46
8
9
8
46
8
9
8
46
8
9
8
46
8
9
8
46
8
9
8
46
8
9
8
46
8
9
8
46
8
9
8
46
8
9
8
46
8
9
8
46
8
9
8
46
8
9
8
46
8
9
8
46
8
9
8
46
8
9
8
46
8
22
26
27
25
24
22
32
33
31
35
22
23
30
131
29
46
9
46
9
46
9
46
9
46
9
46
9
46
59
11
37
10
117
23
23
28
28
37
10
20
26
18
42
46
22
34
28
28
28
28
28
29
28
30
28
28
28
28
36
28
25
25
28
29
28
28
30
25
25
18
58
28
25
25
29
26
26
30
27
27
30
42
25
25
25
25
47
25
25
26
26
28
25
25
25
25
26
26
27
27
25
25
25
25
25
25
25
25
34
37
36
18
25
25
25
25
27
24
24
88
94
58
58
49
25
35
21
68
30
33
38
38
25
25
32
58
61
29
29
31
33
31
33
32
34
29
19
31
33
75
52
16
34
32
51
30
18
9
53
48
108
30
9
25
68
80
29
57
9
26
30
33
29
106
65
65
64
66
67
70
69
64
64
68
65
65
68
68
68
64
65
68
69
66
64
69
69
69
68
65
16
88
18
120
14
19
36
50
63
46
52
26
75
15
15
15
28
17
48
56
99
71
122
36
173
19
149
16
16
91
14
105
27
25
47
154
15
41
34
244
33
31
15
15
15
15
15
15
15
15
15
15
23
15
15
15
15
92
27
140
11
185
24
22
18
13
18
24
26
15
15
32
13
50
19
74
35
47
35
60
110
51
20
11
28
25
25
54
55
56
56
103
87
26
34
11
14
29
32
66
22
36
32
37
41
39
58
34
78
45
20
42
18
34
26
21
82
48
88
89
22
25
38
47
45
34
53
25
30
41
131
25
25
74
41
24
29
29
68
58
28
31
43
23
80
23
29
37
29
28
8
255
14
40
40
42
42
28
40
26
26
33
26
31
38
54
29
38
15
42
20
67
93
22
22
45
99
28
60
23
109
97
26
58
69
34
57
65
70
76
94
57
25
96
108
29
29
50
37
115
117
117
58
35
69
46
56
33
104
107
32
72
49
120
123
22
21
116
60
67
27
53
21
92
104
52
20
91
103
96
78
123
118
26
63
95
61
38
109
112
57
34
65
66
31
29
28
37
29
29
58
34
32
75
41
71
72
58
88
23
142
93
66
68
34
20
41
110
64
21
12
25
25
10
133
133
52
133
133
53
133
53
133
52
53
53
52
53
53
242
244
79
70
61
246
243
245
244
243
245
244
125
43
46
54
99
49
53
133
133
127
70
34