18
67
18
18
18
28
18
16
25
28
33
41
41
39
23
20
18
31
25
20
29
44
16
28
64
25
40
28
48
59
27
116
18
17
28
29
34
23
23
31
28
24
18
29
22
23
27
21
14
14
29
35
24
24
22
75
13
24
23
32
25
57
60
19
22
34
30
93
25
26
25
28
31
32
24
53
22
22
22
30
13
36
29
28
29
28
28
73
27
40
11
11
31
24
27
22
21
22
22
22
24
27
19
17
17
28
40
33
31
29
29
51
30
68
22
20
21
21
503
75
503
75
503
75
503
75
501
73
26
38
38
27
20
17
22
22
28
31
24
18
29
31
29
29
29
31
10
10
29
23
29
29
47
47
11
47
30
27
21
17
30
29
28
28
27
30
27
31
25
26
28
27
51
27
29
29
33
33
33
29
30
10
50
63
50
36
29
18
19
18
19
20
21
19
20
19
19
30
39
29
33
572
47
34
32
60
50
50
480
222
390
356
304
49
480
56
224
65
224
222
304
49
282
356
501
282
224
304
285
254
91
111
254
87
222
12
36
23
42
22
26
480
240
301
226
228
241
222
216
216
226
234
271
222
222
222
224
234
240
240
240
268
189
78
79
75
26
31
32
33
35
50
55
49
222
49
222
222
222
222
222
434
433
222
222
222
222
222
222
222
222
222
222
222
222
325
325
222
332
222
222
222
222
222
222
222
222
222
222
222
224
222
325
325
327
222
222
222
222
325
325
222
269
330
325
222
222
222
222
325
222
325
325
427
222
222
222
222
222
222
222
222
222
222
222
222
427
325
325
222
325
254
325
222
222
222
264
325
327
222
332
222
325
222
325
222
345
365
325
325
431
222
222
332
222
222
332
49
49
49
49
49
49
49
49
49
49
49
230
49
230
267
222
267
222
269
222
222
325
264
222
325
222
222
332
436
327
427
327
332
327
332
267
230
637
531
427
337
427
222
332
222
325
222
222
222
222
222
222
222
222
325
325
222
222
222
222
222
222
222
222
222
222
325
325
222
222
325
325
222
222
325
222
222
222
222
222
222
222
222
222
222
325
325
325
325
332
436
637
222
327
427
222
427
327
222
332
332
431
332
332
332
332
222
23
10
42
42
10
42
42
131
25
106
10
9
47
9
10
9
47
9
10
9
47
9
10
9
47
9
10
9
47
9
10
9
47
9
10
9
47
9
10
9
47
9
10
9
47
9
10
9
47
9
10
9
47
9
10
9
47
9
10
9
47
9
10
9
47
9
10
9
47
9
10
9
47
9
10
9
47
9
10
9
47
9
10
9
47
9
10
9
47
9
23
27
28
26
25
23
33
34
32
36
23
24
31
132
30
47
10
47
10
47
10
47
10
47
10
47
10
47
60
12
38
11
118
24
24
29
29
38
11
21
27
19
43
47
23
35
29
29
29
29
29
30
29
31
29
29
29
29
37
29
26
26
29
30
29
29
31
26
26
19
59
29
26
26
30
27
27
31
28
28
31
43
26
26
26
26
48
26
26
27
27
29
26
26
26
26
27
27
28
28
26
26
26
26
26
26
26
26
35
38
37
19
26
26
26
26
28
25
25
89
95
59
59
50
26
36
22
69
31
34
39
39
26
26
33
59
62
30
30
32
34
32
34
33
35
30
20
32
34
76
53
17
35
33
52
31
19
10
54
49
109
31
10
26
69
81
30
58
10
27
31
34
30
107
66
66
65
67
68
71
70
65
65
69
66
66
69
69
69
65
66
69
70
67
65
70
70
70
69
66
17
89
19
121
15
20
37
51
64
47
53
27
76
16
16
16
29
18
49
57
100
72
123
37
174
20
150
17
17
92
15
106
28
26
48
155
16
42
35
245
34
32
16
16
16
16
16
16
16
16
16
16
24
16
16
16
16
93
28
141
12
186
25
23
19
14
19
25
27
16
16
33
14
51
20
75
36
48
36
61
111
52
21
12
29
26
26
55
56
57
57
104
88
27
35
12
15
30
33
67
23
37
33
38
42
40
59
35
79
46
21
43
19
35
27
22
83
49
89
90
23
26
39
48
46
35
54
26
31
42
132
26
26
75
42
25
30
30
69
59
29
32
44
24
81
24
30
38
30
29
9
256
15
41
41
43
43
29
41
27
27
34
27
32
39
55
30
39
16
43
21
68
94
23
23
46
100
29
61
24
110
98
27
59
70
35
58
66
71
77
95
58
26
97
109
30
30
51
38
116
118
118
59
36
70
47
57
34
105
108
33
73
50
121
124
23
22
117
61
68
28
54
22
93
105
53
21
92
104
97
79
124
119
27
64
96
62
39
110
113
58
35
66
67
32
30
29
38
30
30
59
35
33
76
42
72
73
59
89
24
143
94
67
69
35
21
42
111
65
22
13
26
26
11
134
134
53
134
134
54
134
54
134
53
54
54
53
54
54
243
245
80
71
62
247
244
246
245
244
246
245
126
44
47
55
100
50
54
134
134
128
71
35